0.810945
1.2432
1.74462
2.43913
1.19906
2.69893
0.144154
0.0279824
0.577703
1.47812
1.63946
0.903445
0.0222846
2.12766
0.100795
0.0402913
1.00509
0.874239
0.468366
0.238986
1.43108
1.56875
2.66922
0.323518
1.55862
0.0716289
0.154521
0.443182
0.290652
2.94862
0.874038
0.0107633
0.74536
1.23674
0.417108
0.33928
0.737569
0.277183
0.349338
1.32237
0.177968
2.71339
1.39906
0.542824
2.0781
0.340248
0.76206
0.219785
0.416712
0.819884
2.06803
1.2053
0.181816
0.888148
0.173614
1.16436
0.368537
0.562928
0.455844
2.58454
0.776036
4.44149
0.146095
1.25
1.19136
1.70522
1.40334
0.377997
0.140297
0.753894
0.224216
0.430991
1.5593
0.276688
0.0241009
1.35998
1.33502
1.01994
0.336498
0.728191
0.042174
0.60448
2.69609
1.57117
0.618533
1.50429
0.414174
0.00526009
0.558001
0.996946
0.570309
0.286027
0.226172
0.469256
0.998278
0.403924
0.174235
0.414317
1.26325
0.253029
2.44732
1.05943
1.45083
0.293351
0.0690382
1.64532
1.24065
4.19015
0.529259
0.447235
0.539107
0.307827
0.382833
1.95374
0.294239
1.37715
0.30692
1.48223
0.619939
0.456159
0.254452
0.393004
2.88104
0.190525
2.31365
0.357919
0.919572
1.31005
0.154605
0.350735
0.793366
0.00312859
0.775722
0.210208
0.118433
1.59508
1.09097
0.256686
0.311585
2.05112
0.381412
0.83125
0.181637
0.155586
1.43753
1.31148
0.521643
0.20027
0.08853
0.0444432
1.22632
0.557541
1.0467
1.49883
1.50702
0.0606188
1.54928
3.09474
1.03145
0.0992396
0.34336
0.238143
2.50414
0.228949
0.451068
0.156654
0.0407939
0.583907
2.06688
0.825658
0.625008
2.95925
0.503619
4.9916
1.66397
1.52503
1.27393
2.38866
1.461
0.0362536
2.01606
0.0800883
1.14705
0.538661
0.0718962
0.0211625
1.10751
0.288134
1.60323
0.101296
0.175942
1.80175
2.37966
0.350527
0.965811
0.310728
0.401191
0.736982
0.000501937
0.682023
0.481022
1.90481
0.104852
2.64591
0.378718
0.362977
0.316235
0.765088
2.97567
3.8482
0.304074
1.6712
0.417963
1.41448
0.379886
3.49161
0.0464701
1.75676
0.780619
0.0198168
1.54744
0.60602
0.717766
0.682091
0.0995707
0.0539003
2.36422
1.07431
0.251025
1.51715
0.620864
0.643308
3.31223
0.0217303
1.51791
0.348974
0.0387522
0.0171541
1.61778
0.277069
1.22226
1.15941
0.458531
0.163549
0.666757
0.595781
1.57796
1.62506
1.52325
2.4194
0.284136
1.75791
0.799516
0.514008
0.223498
0.623242
2.86684
0.662376
0.708095
0.0251826
0.0637984
0.801247
0.195463
0.699704
0.25951
0.040007
0.261056
1.37908
2.08099
0.773981
0.29438
0.229888
0.153693
1.72756
0.979298
0.457302
0.766883
6.24005
1.18435
0.231146
0.16628
0.525462
0.780069
0.913548
0.025407
0.108761
0.0308392
0.776523
0.577146
0.544967
0.211083
1.17389
1.64269
0.615761
1.12273
0.946703
0.126293
0.371356
2.53786
0.936483
0.686397
0.052607
1.75103
0.699682
0.704996
0.799916
1.47332
0.401089
0.465995
0.0117677
0.544539
0.732144
1.90539
0.616137
1.06351
1.53015
0.459094
0.363555
1.11367
1.94668
0.638122
0.166281
1.78448
0.293463
2.74892
1.4264
0.549273
1.21859
1.01793
1.63394
0.717686
2.55584
2.7615
0.994344
1.81007
2.28923
0.660875
0.487048
1.88735
0.110265
1.55296
0.238784
0.289384
0.213241
0.154252
1.6297
0.828276
0.385074
0.434769
0.185804
2.01126
0.630022
0.395756
0.598744
0.322238
1.10909
0.4134
0.639915
0.580856
3.05741
0.446893
0.0755417
0.490854
0.0631697
0.637508
1.79874
0.0210783
3.05773
0.186628
0.783174
0.0435495
0.0290227
3.47553
0.38098
1.72106
1.23379
2.19409
0.987078
0.0738673
0.223092
0.614345
0.0291462
0.793274
1.82668
0.303553
0.138943
1.59994
0.12357
2.3173
0.0463415
1.31606
1.26525
0.765253
0.303145
1.47413
1.37681
0.381322
0.106392
3.12345
0.871946
0.639086
0.163404
1.27602
0.61632
1.3012
1.65432
0.752962
0.868183
2.32402
0.631251
0.0633725
0.200028
0.288665
1.0868
0.545329
1.55538
0.329152
1.54606
1.88595
0.0914212
0.659077
0.0748285
1.44634
0.999632
0.21996
0.598648
0.261645
3.15827
0.576945
0.993735
1.05551
0.170905
0.492678
1.65805
0.0740993
0.175836
0.489722
0.154397
0.482379
1.62401
0.522015
1.63858
1.49876
0.30747
0.0775509
1.17976
0.0849721
1.92174
2.67552
2.22316
1.42719
0.82383
0.617669
0.540415
0.380567
0.366294
0.599618
0.0600783
0.0425425
1.75838
0.393852
0.0613892
0.00990951
0.476877
0.631554
0.300234
2.65077
0.428734
1.95251
0.401538
3.73736
0.929373
0.301691
0.0380097
1.37287
2.43772
1.80022
2.27425
0.803789
1.9253
3.07628
0.433781
0.645105
1.31935
1.73895
0.125299
0.425715
0.178894
0.170271
1.51523
1.3379
1.1259
0.572321
0.0761497
1.3559
0.719694
1.85265
0.533484
1.7229
1.17725
0.439327
0.742288
1.53825
4.4206
1.63544
1.9849
3.74183
0.812211
0.77991
1.36976
0.126336
0.507636
1.79814
1.53129
2.02886
1.24264
1.51885
1.3158
0.167266
0.236543
0.835039
0.611228
0.360779
0.593119
0.0758948
0.20946
0.73013
0.220405
0.974861
1.52237
2.9463
0.080351
0.40796
0.144451
1.13997
0.682981
0.943334
1.12332
0.30381
1.52969
0.785078
0.187156
1.08248
0.372946
1.65565
0.115595
0.0802138
1.30832
0.146015
0.431572
2.62309
0.138355
3.696
0.651652
1.94098
0.465855
1.65725
0.408446
0.690807
2.45147
0.0154384
0.382834
1.41742
1.29727
0.977342
0.203621
0.750774
1.78731
0.0665113
0.467027
0.00699427
1.16986
1.64254
0.851825
0.215641
0.659247
0.920401
1.33438
0.377035
1.64626
0.2249
0.311608
2.18817
1.94961
0.321584
1.44771
0.332715
0.382194
0.140458
0.548077
0.0966132
0.365037
0.56037
3.95967
3.60505
0.339348
0.454557
0.00484805
3.72858
0.495033
1.12955
0.0924789
1.06923
0.228746
0.357242
0.35203
0.113539
0.432468
0.173722
0.62691
2.91639
0.631926
1.49327
0.43517
0.841485
2.29633
0.404148
0.0772787
0.169359
0.350669
1.74546
3.29716
1.07316
2.68152
2.32881
1.67339
0.407862
1.53309
0.340094
0.0697688
3.87856
0.497753
0.163324
1.00129
2.10814
1.6266
0.753577
0.309561
1.0488
0.29551
2.22081
0.49598
0.206798
0.0119281
1.32627
0.617611
0.473906
2.31029
0.550649
0.400199
0.542534
1.58583
1.20427
2.5138
0.0614693
0.981101
0.872978
0.0994
0.067232
1.86547
3.02784
1.02128
0.44133
0.419087
1.14381
0.0606083
1.96892
1.86152
0.544157
0.268644
0.619086
0.128059
0.508888
0.627962
0.859436
3.80206
0.0660817
1.39607
0.548822
0.907738
0.684492
1.89211
1.12084
0.06465
0.820947
0.320422
0.442841
0.760137
0.846532
0.170515
2.88558
0.518467
0.0121475
0.146551
0.99025
0.95379
1.0055
0.767049
0.93441
1.98938
0.296889
0.0514527
0.717779
0.555407
0.55111
0.0241273
0.632826
1.98274
1.06911
0.89577
1.18757
0.027305
1.80234
1.72082
0.791022
0.200338
2.92508
0.63484
0.945123
5.37416
0.413498
1.08792
0.131811
0.0897377
0.227608
0.575161
0.942952
0.61002
1.09063
1.70061
1.99148
0.677127
0.0578965
0.842085
0.840368
0.207566
1.30432
0.558934
0.0791981
1.50736
4.40229
1.29163
0.0302081
4.44734
1.42212
0.0578386
0.64566
1.40218
3.55178
1.11047
1.04248
1.77895
4.72664
1.28482
0.233138
1.45746
0.933877
0.136911
1.24705
0.463463
0.735426
2.41428
0.349105
0.305523
1.24244
0.45771
0.451236
0.965522
1.93558
0.198471
0.19656
1.07841
1.52671
1.35603
2.03899
4.25122
0.296239
6.39648
0.524784
0.227191
1.08792
2.76084
1.76174
0.188128
0.0635216
2.60517
1.88897
0.420849
2.74417
0.720858
0.929404
1.44059
0.226862
0.11564
1.6572
0.493778
0.630494
0.0654849
2.39769
0.594757
0.222524
0.18479
0.545033
1.42349
0.0725297
0.437796
1.23575
0.717713
0.0519283
0.187718
0.287148
0.200796
0.83327
1.35059
0.285286
2.26196
0.0972593
0.521343
0.0182815
0.651881
3.03551
0.58725
2.22712
2.63688
1.61619
0.505409
0.525896
1.21378
1.29329
0.110772
2.83126
0.358496
0.837193
0.524643
0.199837
0.891599
0.737513
1.73008
0.194816
0.335203
0.425627
1.16392
0.795225
0.326336
2.48147
1.95248
0.601411
1.67621
0.157742
0.379309
0.400047
0.184365
1.48132
0.488857
1.04502
2.10476
0.345621
0.329676
1.21063
0.31928
2.11976
0.0636162
0.288374
0.43422
0.478693
0.644395
0.392384
0.119458
1.42142
2.34075
0.0764106
0.137632
0.888261
0.157176
1.50085
0.200178
0.823712
0.736775
1.122
0.118516
0.655022
0.863466
0.233354
0.226176
1.25916
1.96724
0.161557
0.217365
1.27156
0.602152
0.24993
1.69968
1.96469
3.35742
1.23735
0.521075
2.49324
0.0019112
1.16516
1.98826
0.368482
3.79638
0.316395
0.691617
1.83506
0.193918
1.15963
1.11565
1.78782
1.79581
1.42591
0.255058
0.00958058
0.842359
0.509312
0.168367
0.659586
0.294711
1.84921
0.0333976
0.980872
0.262447
2.7501
1.82525
0.271488
3.09
0.0704127
1.81742
0.635651
3.38862
6.81786
2.10577
0.193606
0.815275
0.258179
0.222017
3.13685
0.128244
0.919463
0.328643
3.35957
1.53272
0.395748
0.122567
1.38231
0.45777
0.291196
0.339903
1.95134
0.264537
0.873019
0.805904
0.300621
0.870545
1.92306
0.776147
0.262449
0.636038
0.140573
0.355712
0.0410883
0.157374
3.15396
1.09877
0.705631
0.195209
3.30215
1.02902
0.711255
1.33647
0.151208
0.156665
0.206623
1.6616
0.518516
0.119867
0.416055
0.672766
0.511231
1.58683
1.43256
0.365198
0.451505
0.780916
0.0375399
0.820177
0.434926
2.0393
0.974476
0.632985
1.29454
1.95769
0.183026
7.09499
0.798537
0.136819
0.856093
1.1706
1.19858
0.0907044
0.657263
0.836704
1.30017
0.917418
0.620642
1.27988
1.11006
1.64517
1.7991
0.754926
2.17855
0.0808073
0.463932
2.18376
0.317095
0.923724
1.94375
0.455877
2.26566
1.12861
0.891058
0.912009
2.08757
0.241832
1.34739
0.457761
0.242962
0.249892
0.477778
0.359634
2.78242
0.791141
0.0492195
0.69296
0.487906
0.218266
2.94958
2.12398
0.874285
0.111477
0.342633
2.08542
0.707822
0.319986
0.199672
3.86535
0.0829413
0.331866
0.445031
1.4186
0.0274225
1.39797
0.972918
0.0221986
2.35153
2.21842
0.113545
1.45765
0.360348
0.412005
0.429949
0.241897
1.02905
1.12816
0.341682
0.376085
1.15308
0.426403
0.759432
2.29326
0.112802
0.603218
0.426714
1.19328
0.0387983
0.0438518
0.285777
2.06084
2.19372
1.03409
1.78842
0.504153
0.041473
1.10496
0.197182
0.772536
1.24768
1.60151
0.807526
1.19317
0.386246
1.30147
0.258691
0.740652
0.241861
1.19229
0.730233
0.472178
0.398247
0.709927
0.584014
1.30009
0.49313
0.374336
1.62426
1.0514
0.276429
0.961419
0.768248
0.982511
0.588702
0.294768
0.573186
1.47269
0.678916
0.936772
0.56754
2.13282
0.299407
0.352428
0.212563
0.278916
1.63399
4.34469
2.82335
0.0800153
0.480991
0.718156
2.42577
0.553395
1.49497
1.32212
1.19585
1.80795
1.05611
0.487275
0.385345
0.307108
3.29209
0.560319
0.142868
1.39729
0.250653
0.241707
0.813454
1.12857
1.18961
0.0250609
0.515238
0.841549
0.367379
2.23711
0.7876
0.563155
0.193487
0.700817
0.324716
0.343902
1.03457
0.633657
0.626909
0.298449
0.456877
1.1871
0.346554
0.385751
1.28183
1.11056
1.46555
1.24426
0.39537
0.130496
0.350095
0.667594
0.0832836
1.63101
0.813201
1.49167
0.936893
1.44983
4.10649
0.479374
1.57275
2.79007
0.94425
0.125069
1.54629
2.58957
0.675701
0.573749
1.68237
1.38612
1.75004
0.5033
1.92788
1.2037
0.381031
0.104261
0.0363493
0.375802
0.374283
1.23962
3.94952
0.831753
0.991405
0.139679
0.353261
0.701308
1.80229
0.941593
0.0319288
0.50573
1.85997
0.789333
1.11513
0.225189
2.20439
2.34772
0.553775
0.094962
0.563113
1.3236
0.285342
0.253423
0.431047
0.217256
1.79116
3.0635
1.54878
4.29539
0.91769
0.421626
0.213616
0.755054
0.744266
0.625975
0.489064
0.559862
3.53468
0.823557
0.0525746
0.712812
1.46283
1.67845
1.92126
2.63706
2.84192
2.56246
2.19376
0.475388
1.82714
0.788603
0.884908
0.941422
1.39174
0.964489
1.63411
0.960687
0.592203
0.327645
1.73201
0.304194
0.390737
1.37194
0.378564
0.931966
1.2007
0.710462
1.35156
0.856741
0.306841
3.66012
0.759086
0.14368
0.529839
1.5361
1.09019
5.14945
0.691939
3.18093
1.74464
0.188904
0.56595
0.996914
0.625374
1.49549
1.17225
0.206526
0.520243
1.48079
2.17464
1.30665
1.84967
0.65899
0.287087
2.67053
0.0639346
0.019496
0.911898
0.552795
0.0365881
0.445571
1.23398
1.17706
0.37281
5.21923
1.11176
2.99688
0.330724
0.0606295
1.85783
1.98225
1.3769
1.17188
0.0808686
0.375459
2.75339
0.380543
1.31217
0.903931
0.588508
0.893952
0.816724
3.24468
1.73061
0.948179
1.15622
0.807349
0.489911
0.108071
0.127324
0.216911
0.538583
0.154553
1.25721
0.0004463
2.53469
0.110756
1.09599
1.83758
2.38121
0.361512
0.124816
0.288201
0.021591
4.99677
0.0757849
0.361243
1.49763
1.51469
1.17036
0.876984
0.82867
0.497908
0.574301
5.27886
0.241937
0.193399
1.74304
1.36055
0.124103
1.22931
0.0349231
0.967427
2.09034
1.46575
1.18013
0.72309
3.69682
3.75849
0.411032
1.99654
0.0377406
0.312082
1.54973
0.767869
0.135694
0.243204
0.835516
1.13316
0.396203
0.34794
0.428712
3.87854
1.44157
1.80744
4.5982
2.38316
3.23168
3.35107
0.532123
0.16979
0.633155
0.179552
0.736514
1.37618
1.06203
0.177839
0.991261
1.95875
1.4748
0.728816
0.178337
1.42151
1.44688
0.0150546
0.360289
0.123553
2.796
0.0285637
0.437176
0.109692
0.309052
0.0235142
1.09312
3.38717
0.825321
1.13896
0.208904
0.278991
0.127232
3.22142
0.137738
2.50531
0.213801
1.30751
1.14883
0.209649
0.0559734
0.376365
1.27058
0.0660347
0.776797
2.85557
0.903747
2.07745
0.58628
2.10437
0.390388
0.412465
0.163779
0.0353938
1.42831
2.59089
1.26106
1.79796
1.09861
0.0820034
0.262482
3.45807
0.691133
0.477973
3.14651
0.61508
1.60386
0.454363
0.372141
0.400963
0.713556
0.132848
0.174473
0.652745
0.890287
2.1516
1.11384
1.03314
0.142984
1.27945
0.361254
1.20113
1.16128
0.0647272
0.278463
1.02778
0.46929
1.47486
0.622646
1.65402
0.531641
0.18735
2.05495
1.28746
0.465328
1.63678
2.47723
0.025675
0.200002
0.953799
0.41738
1.10922
2.87758
1.71276
0.795109
2.14635
2.16741
1.10496
0.158226
0.0334939
1.31494
0.816814
0.409505
1.12047
0.0246639
0.501611
0.47082
1.64793
1.34946
5.07526
1.55798
0.35884
1.34073
1.16733
0.126542
2.37533
0.986482
0.247734
1.31201
1.22645
5.28043
0.483121
3.10118
0.314843
0.139374
1.44312
0.0109618
1.76128
0.645996
0.119726
0.892043
1.15309
0.217732
0.496286
1.26652
0.534544
5.32706
0.139995
1.7851
0.246448
1.04786
0.149036
0.663714
0.745118
0.126719
2.06421
0.827496
0.451285
0.293047
0.88801
0.0176123
0.103118
0.0129909
0.0662971
0.530552
1.5228
1.04256
0.0494033
0.550168
0.0835967
0.255943
0.131949
1.5579
1.20336
0.723096
0.894527
0.265918
0.816674
0.487343
1.3367
0.124667
1.8166
0.707053
1.67765
1.80817
0.200975
1.63567
0.0765865
0.781247
1.10415
0.761346
1.37291
0.00948551
0.166289
0.597558
3.4277
1.24917
2.50061
0.556127
0.498572
0.361814
0.748199
0.328944
0.285706
0.192063
0.0127944
0.807479
0.528472
0.98427
0.276257
1.88659
0.158497
0.798112
0.477891
0.375097
1.23815
2.50389
0.610936
0.701634
0.186315
1.34109
0.26508
6.93591
1.87057
1.14389
0.317766
0.759868
1.30545
0.330228
0.92158
0.321775
0.282684
0.27438
0.785147
0.00879244
0.729939
1.23937
0.581493
0.348642
0.0388979
0.719877
3.40204
1.84697
0.540138
0.207526
0.196521
0.100048
0.21266
0.35013
1.31219
0.236883
0.152745
0.071978
1.27165
1.06559
2.59306
0.416858
0.0344634
0.0502147
0.31867
0.0779306
0.609105
0.439423
1.09902
0.297739
0.177982
0.271233
0.289842
1.59255
0.944909
1.63239
0.523054
0.577969
2.23541
0.464298
0.34794
0.15262
0.0218915
0.246564
1.38658
0.26504
1.05615
0.49948
0.158048
1.1009
1.54095
3.40394
0.0784428
1.84655
0.0529487
1.80829
0.400625
0.557921
0.685987
1.06663
0.231124
0.421939
0.0497067
0.123977
0.35896
0.244285
0.602272
0.484995
1.6653
2.01563
0.342479
0.506758
2.85412
1.83296
2.83186
1.55726
1.61804
1.64648
1.44521
0.87465
0.0124993
0.329875
0.422246
0.77439
0.159028
2.41328
1.52262
0.820985
0.477259
0.672857
2.5757
0.564392
1.65292
1.3521
0.620956
2.75061
0.500687
1.81248
1.49518
1.70533
0.633223
0.427941
2.14475
0.41335
1.01825
0.741207
0.804507
0.604543
1.12302
1.66969
1.06668
0.731382
2.02521
0.270817
6.39726
0.0231452
1.05977
1.02551
1.2704
1.71447
0.00402802
0.0315414
0.165347
1.5444
1.37143
0.287063
1.65788
0.565173
1.06119
1.15589
0.76731
0.567403
0.755266
1.73362
0.0443754
1.87722
2.58924
0.288544
0.590786
0.213873
0.361663
0.128184
1.08194
0.400272
1.12398
0.162309
4.83763
1.05086
0.675877
0.077234
0.307378
0.691174
0.0187269
0.618875
1.29992
0.00406177
2.36133
1.18758
0.0169651
0.881439
0.0939939
0.246869
1.1489
1.05173
0.849505
3.15389
0.297584
0.100713
1.37035
2.59286
0.285915
0.335962
0.0408399
0.220035
0.537953
1.90805
1.40074
1.94505
3.69212
2.89196
0.367855
1.68823
1.07072
0.602006
0.428038
0.350223
0.798163
2.48687
0.282283
1.83379
2.64783
1.06073
1.32358
9.61983
0.102357
4.26445
0.727383
0.973006
0.0322886
0.0860427
0.391548
0.41517
0.471459
0.559074
0.155684
1.20902
0.131739
0.00310706
2.68747
0.976715
0.0697638
0.729013
1.66754
0.015825
1.25652
0.0278122
0.69924
2.24274
1.75241
0.825381
0.0417322
0.541631
0.0549252
0.122716
0.400207
1.16865
2.3781
2.70974
2.86316
0.0956058
0.477379
5.20083
0.0183892
3.59633
0.122566
0.0582413
2.46882
1.05344
0.182611
0.296453
1.4514
0.574736
0.181449
0.693545
0.0323104
0.908802
1.31749
0.849126
0.955534
0.196453
0.566312
0.777
0.764148
0.947965
0.532084
0.637265
2.1043
0.193631
0.864676
2.91619
0.152805
0.244818
0.289747
0.624403
0.181966
0.295754
0.855935
0.26877
0.0810529
0.498775
1.42376
0.851175
0.39735
0.332665
0.135822
0.0212757
0.697717
0.567743
1.305
4.74661
0.470051
0.136067
2.06542
2.95738
2.45898
0.216071
2.66676
0.320829
0.039907
1.885
0.642395
1.21888
1.75341
1.69992
1.42971
0.852098
2.25349
0.320627
0.178381
0.0507494
2.71279
0.962852
0.908935
1.48942
0.471232
0.849229
0.523122
0.334222
0.785891
0.347362
0.459755
0.850963
1.69247
0.247196
1.64155
0.572064
0.0417294
1.12489
1.15611
0.716237
0.39129
0.548364
0.169661
0.145817
0.303402
1.20188
1.49143
1.37896
0.140982
0.404292
1.04932
0.260875
2.89594
3.21701
0.0394734
0.182813
0.300914
0.61009
2.88502
0.181629
0.362414
1.105
0.21186
1.25305
1.50668
0.930273
0.0794838
2.17512
0.138472
0.252256
0.768735
0.530767
0.199688
0.564384
0.772226
0.139122
1.04918
0.239189
0.56663
0.256099
0.787168
0.860445
0.6827
1.7908
1.66221
0.219228
0.116239
0.399009
1.36354
0.808781
0.695358
2.16477
2.28379
0.212527
0.55676
1.7863
4.45608
1.06235
0.676826
0.512365
0.992681
1.31379
0.0464384
4.88118
0.745524
0.49863
0.0448921
1.10605
3.57357
2.47977
0.446669
0.798806
2.16319
1.78212
0.0164651
0.0954955
1.39256
2.12825
1.15353
0.383518
3.38093
1.09347
0.518921
0.184365
4.75301
0.20331
0.715235
1.0667
0.0691577
0.9504
0.0735785
1.23383
1.6181
0.399939
0.323907
0.113679
2.66455
1.86901
0.321722
0.0775036
0.0446013
2.3961
1.94571
0.884271
0.206631
0.0547473
0.106896
0.120995
0.968032
0.231903
0.656128
0.169266
0.0696007
0.422769
0.784818
0.636695
0.417366
3.10935
0.708154
0.289315
0.507227
0.717317
0.289887
1.72136
0.0287156
1.41852
3.96881
0.695943
1.02002
2.14391
0.282046
0.406766
0.513447
0.855267
0.0327881
1.83935
0.789494
0.345992
0.797601
3.13365
0.900971
0.245203
0.0511073
0.323732
0.892935
1.4848
1.19886
0.199727
0.366465
1.57117
0.0260498
0.787346
1.07188
0.022549
0.828565
1.12531
1.09584
0.5527
1.77244
0.397474
1.33753
0.619332
0.0764706
3.68712
1.26792
2.95891
1.99524
0.476022
1.11932
1.54545
1.49651
0.930135
0.982087
3.03324
1.28548
1.40144
0.764262
0.135499
1.27022
0.455078
0.0343508
0.188544
1.59498
1.43156
2.54869
2.03596
0.741947
1.25399
0.321214
0.946511
1.53903
1.72799
0.284485
1.26351
0.0888817
1.18579
1.52312
0.941889
0.473678
0.601503
0.188073
1.58348
0.657536
1.48253
0.618669
2.48489
0.783469
0.551802
0.0223781
1.316
1.45059
0.682029
4.41036
0.811482
2.90099
0.108319
1.02115
0.665067
0.0318153
1.52101
0.409619
0.199557
0.43811
0.332039
0.929832
1.08385
0.955101
3.50724
1.07794
4.16127
0.950628
2.97466
0.644412
0.0197488
0.0371527
2.75494
2.884
0.31602
0.615627
1.0734
1.87243
0.853374
1.4578
1.21598
1.28911
0.224199
0.0835823
0.178286
0.483949
3.51584
0.33099
0.50827
0.0923169
0.31991
0.509766
0.2714
2.2435
0.0894425
0.441166
0.120597
0.7257
0.107593
1.59253
0.082861
1.0367
3.10629
1.21043
2.18757
0.630353
0.492346
1.06359
0.436963
1.21196
0.320453
0.627013
0.77186
0.278793
1.40912
1.22731
3.29076
0.159435
0.0230575
0.290603
0.584935
2.26539
2.3297
0.395549
1.05316
0.514651
0.161747
2.68588
1.36783
0.983455
0.450452
0.079888
0.273617
1.17984
0.255122
0.619896
0.119741
1.89899
3.84382
0.957825
1.78195
1.34386
0.605799
1.84252
1.33822
4.62128
4.71186
0.0316084
0.174239
0.0975093
0.485481
0.0507438
0.539875
0.890102
3.14755
2.47718
0.257685
0.701187
0.077344
0.574011
0.523419
0.647711
0.743396
0.620714
1.49897
1.92245
3.48677
0.111089
1.01855
0.785925
1.22334
1.02804
1.05449
0.108308
0.615016
0.560227
0.722128
0.758937
1.8429
0.119358
2.33415
0.00695292
0.560177
2.73669
3.05535
0.648328
0.055756
1.17768
0.446706
0.760009
0.733142
0.0273957
0.0461999
0.563421
0.114887
0.0292556
0.546199
0.277336
0.850616
0.422788
0.807539
6.39546
0.334041
1.35036
3.70193
0.621464
1.20109
3.49374
2.13923
0.152604
0.0175645
0.52499
2.77878
0.434918
2.35713
0.904427
2.08908
0.329446
1.61077
1.12818
4.44356
0.30349
1.0546
0.207492
0.400599
0.306653
0.941299
0.249917
0.537296
0.761634
0.720853
0.156613
0.240808
0.153115
0.310173
0.565734
2.69834
0.0678401
0.556399
0.0529112
5.85554
5.55512
1.48031
0.115737
6.42363
1.10777
0.605682
0.266153
0.109155
4.98552
0.545954
0.722501
0.864491
1.5414
0.89834
0.162098
0.367588
4.00277
0.450657
0.0487125
2.66635
1.82484
1.87423
0.0558613
0.245396
0.446795
0.340877
1.39146
0.811658
1.07929
0.832885
1.75484
0.0740796
0.509489
8.6192e-05
0.314136
0.184482
0.215248
0.459502
0.401404
1.73246
1.21696
0.452279
0.492729
1.20906
0.0145464
1.9026
5.56605
0.908549
1.04396
0.945098
0.206851
0.115725
1.12675
1.72922
0.269357
0.792041
3.79909
0.323526
1.57315
0.205098
1.23537
0.281578
0.923609
0.385518
0.521523
1.05641
0.896423
1.6402
2.77269
0.209302
0.53071
1.98036
1.20801
0.463551
1.61011
0.114982
1.17933
0.720759
0.36765
0.47527
0.819889
0.346816
0.72031
0.160298
2.5132
0.484016
0.0168873
1.78946
0.185141
0.172027
0.549503
1.89609
0.903907
0.0158394
0.0412374
0.718394
0.58527
0.824377
1.74402
1.52518
0.0992683
0.0912067
2.80421
1.71198
1.1763
1.05446
0.229718
3.35412
1.50817
0.528052
1.54414
1.05622
2.60948
0.284131
0.315654
0.0791792
2.10493
1.40778
0.174262
0.729984
0.462887
2.13835
0.411096
3.37751
0.0951875
0.265915
2.32575
0.0925629
3.3972
0.0765051
0.0944582
0.21882
0.678295
0.898683
0.583598
0.690076
1.37872
0.214824
1.14171
1.85898
0.220718
0.12585
0.11641
1.4151
0.374832
0.0164676
0.109597
0.5938
0.145089
0.103341
1.23351
1.42711
1.06944
0.060572
0.544103
1.62023
0.193603
2.93504
1.30883
0.535489
2.79168
0.655936
0.0537267
0.482668
2.96582
0.0939775
0.304037
0.423126
0.98905
2.10923
0.199504
0.387968
0.544327
0.962352
0.411991
2.15893
0.557947
0.116955
0.492357
2.7722
0.7203
0.181425
0.130109
0.254658
0.232306
0.377393
0.529534
0.682687
0.395785
0.978774
0.756737
1.03802
1.81279
0.0760378
1.2439
2.7944
1.34973
0.951193
1.65206
0.0546166
0.467893
3.69494
1.01399
0.640674
4.51754
0.844008
0.742227
0.405709
0.593911
0.83306
1.49729
1.97319
0.810222
0.164236
0.836507
0.674943
2.13604
0.624473
0.196796
6.61891
1.28444
0.49063
0.705359
1.48198
0.156
1.22073
1.15704
1.06959
0.0367314
1.89103
3.25275
0.195757
1.00946
1.22124
0.058809
0.359766
0.0793545
0.953367
1.39563
0.683832
2.14796
1.73873
0.90181
2.67387
0.126328
0.497263
0.949527
0.901116
0.0798492
2.09817
0.549996
0.229807
0.459478
3.12595
0.0418179
1.71836
1.29472
0.116687
0.237912
1.05971
3.83736
1.75423
0.342045
0.774858
2.72777
5.69008
2.90967
0.0983452
0.336922
1.45634
1.01514
0.0674646
0.0995228
0.565228
1.32602
0.0918364
0.230721
0.410899
0.238221
0.373668
0.566503
2.5085
0.597961
0.801606
2.59042
0.356727
1.00235
1.54701
0.226173
1.4687
1.22239
1.04138
0.305444
1.19038
5.00445
0.498057
0.107858
0.171507
1.56769
2.41432
0.515141
2.35664
0.526252
1.29624
2.33528
1.31733
2.0836
0.0286549
2.0912
0.192295
1.2834
0.103649
0.95782
0.14544
1.11702
1.56346
0.135545
0.0660506
0.135102
1.54764
0.523057
3.6566
0.809093
0.278582
0.49847
0.0433384
0.00136313
1.47855
0.536788
0.116062
0.0258308
2.55266
0.558399
0.738585
0.0124858
0.811311
0.38851
1.275
0.464392
0.0963429
0.094701
1.35358
2.21404
0.155433
0.357237
1.92855
1.62766
0.216908
2.70137
0.110396
0.844536
5.98603
0.244769
1.59555
2.86128
0.280792
0.55362
0.92188
0.530376
0.125514
0.630105
3.17625
1.47216
3.56171
0.224582
0.407373
0.272998
1.05339
0.326681
0.509544
2.02723
0.583029
0.862228
1.77273
0.0596918
1.9004
0.942165
0.150969
0.26928
0.355164
0.160758
0.0487967
0.241909
0.461977
0.714254
0.0328478
1.84007
0.534043
2.33007
1.68071
0.629624
0.245558
0.896496
0.0749469
2.08501
1.44046
0.0729504
0.020493
1.25923
4.19606
0.335007
0.591743
1.15256
0.0169094
0.380786
1.38593
0.75933
0.0821982
1.25335
0.837447
2.35883
0.500317
0.0414114
0.824619
0.935616
1.25211
1.29145
1.27092
2.50898
1.45357
1.40824
0.748495
0.749949
1.20766
1.14236
0.65899
0.146891
0.311597
0.728362
0.320378
1.08171
0.266834
0.420675
1.24791
0.24996
0.711144
3.01851
3.68824
2.44263
1.80096
2.13252
0.0459271
3.25309
0.395812
0.768021
0.100977
0.593558
0.966976
0.588556
1.27931
3.3763
0.503644
0.441699
0.344723
7.5615
1.40255
0.724259
0.371201
0.320812
0.542024
0.385876
0.797644
0.97707
0.429523
3.98793
0.00911876
0.166047
1.07416
0.642332
3.05552
0.387333
0.989169
0.255532
2.66935
2.06657
1.41474
2.25919
0.142049
1.63375
1.73327
1.07734
2.2269
0.773878
3.57953
0.734076
0.0113396
3.0642
0.53198
0.289271
0.0690246
0.173197
2.18468
1.46261
0.322948
0.0198229
1.99766
0.128548
1.99343
1.98442
0.575552
1.3547
1.0101
1.88225
0.805396
0.728222
3.0238
0.14454
1.95038
0.373687
0.781522
0.708208
5.18392
1.64115
1.19687
2.1021
0.649228
0.0940527
0.445038
0.175995
1.32958
0.651877
0.0774299
2.65657
1.22411
0.98662
0.0150056
0.0749882
0.624527
0.913232
0.470001
0.870569
0.262829
2.17905
0.0301055
0.211795
0.226831
1.79174
3.24528
0.726104
0.83001
1.17105
0.593905
2.96855
0.796779
0.531256
1.40273
1.43451
0.499521
2.4797
0.241846
0.803762
0.421107
0.356337
2.15419
0.0866014
1.23729
3.89623
2.885
1.94092
0.0700057
0.66354
4.68259
2.42136
2.31808
0.557982
0.0451414
0.381416
1.85918
0.635121
0.407984
2.04087
1.58778
2.55596
0.0283139
0.299656
3.56027
0.128464
0.786855
1.66912
0.623287
0.432354
0.674727
0.885827
0.295105
0.149067
0.632069
0.300609
0.3082
1.41586
0.261705
0.618564
1.16816
2.55084
0.00652446
2.19136
1.08822
2.17595
0.177631
0.139331
1.85283
0.592427
1.69105
1.44704
1.18178
0.325426
0.0120557
1.35427
0.289342
0.103026
1.17459
1.96543
0.389464
0.0365206
0.0839708
1.7381
1.0032
0.7699
0.120418
0.488112
0.593941
1.20262
0.321658
1.95037
0.923833
0.0695882
1.48364
0.644603
3.51549
3.04162
2.78108
0.709544
0.162828
0.0783657
2.24457
1.52831
1.3553
0.0844333
0.165756
1.08855
0.554445
0.327259
0.611021
0.442722
1.09949
0.964577
0.315695
2.78902
7.48923
2.95572
0.373452
4.09274
1.7185
1.10184
0.68418
2.13568
1.71249
1.5668
0.0661199
0.430176
0.172262
1.31263
0.0553867
1.23831
1.24356
0.633695
0.397925
0.105676
1.42614
1.09754
1.45924
2.73808
1.81531
0.977736
1.43866
0.497691
0.40946
0.166317
1.70921
1.37279
1.10317
0.856036
0.963795
2.09068
0.193635
1.09617
0.248334
1.68677
1.04369
0.140288
1.40092
0.0863255
0.447753
0.456648
1.14876
0.0321355
5.15742
0.745156
0.1845
0.00108539
0.0689265
1.03405
0.668073
2.67797
0.90978
0.729525
1.61987
1.35689
0.789781
0.360533
0.0153948
0.304905
0.862435
0.865399
0.376766
0.23204
0.0816946
0.935253
0.61108
0.456151
0.12394
0.0844833
2.51229
0.329095
0.299648
0.371505
0.10933
1.30907
0.465221
1.59332
1.11924
0.339452
1.40594
1.76311
1.04917
0.958763
2.06092
1.09991
0.598616
0.708639
1.20842
0.101808
0.512181
0.9239
0.510195
0.685212
1.95771
0.820367
1.44697
1.58729
1.27397
0.569667
0.3244
0.161286
1.12086
4.64451
0.688911
1.41757
0.0268677
0.967812
2.77603
1.84719
1.48967
0.0729112
1.69816
1.28315
0.392768
0.472185
4.4043
0.349261
3.40593
0.206028
0.923683
1.88634
0.567948
0.787119
1.33447
0.673599
0.754468
0.20388
2.65478
0.307739
1.41517
1.86088
2.4515
0.199499
0.712173
1.06055
0.161316
0.317697
1.71143
0.476975
0.459327
0.0253936
0.29728
0.248818
4.64287
0.333754
1.40847
0.460216
3.38195
0.180315
0.0875047
1.20711
0.77477
3.35034
0.283768
1.70603
0.542405
0.0909904
0.292894
1.24952
0.157301
0.845801
3.48307
0.410641
2.83902
0.369925
0.938395
0.117726
0.456312
0.434891
1.61558
0.65788
1.54184
0.495283
0.916406
1.68425
0.736156
1.26729
0.0510183
2.67945
0.00464521
2.50809
0.517765
1.23031
1.04204
1.40396
1.46183
1.24257
0.406049
0.370088
0.826694
0.567646
0.144055
0.334851
0.63262
0.502133
1.4576
0.611722
0.847912
1.04853
0.56263
1.20485
0.0174826
1.72558
0.130935
0.166277
0.559624
0.198893
1.0338
0.501882
0.294866
0.715696
0.713119
0.546097
0.111152
1.006
0.100183
2.90206
1.64399
0.401213
2.69633
1.0897
1.27782
0.0972225
1.78365
0.498998
0.162476
0.0861943
0.163591
1.12992
0.195934
1.64593
1.04138
0.200701
0.495073
0.622151
0.368765
0.632655
1.64343
1.2089
0.556263
0.67608
0.692697
1.57002
1.18231
0.331758
0.329113
0.283954
0.0426174
0.711489
0.444305
2.06538
0.645183
0.223313
0.674637
0.495488
0.172397
3.74557
1.74783
2.10281
0.90985
1.12594
0.329306
0.989325
0.117747
4.06725
2.12462
0.909106
1.10874
0.854478
0.115765
0.396228
1.23045
1.74833
1.12438
0.145096
0.443967
0.559909
1.76883
0.163385
4.30919
0.686262
0.237525
0.736275
0.335686
2.24468
0.93803
1.22147
0.9631
3.74102
0.515965
0.822708
0.0677743
0.278617
0.977108
0.346355
0.124263
0.205628
0.316573
1.09283
0.275629
0.0239349
4.19718
1.49784
0.260951
0.430705
0.221017
0.160942
0.480539
0.811496
1.01166
0.639005
0.0397055
3.18901
0.0610427
0.0809059
1.22599
2.06533
4.24975
0.34243
0.417987
0.772769
0.277553
0.77936
1.52518
1.93353
0.404223
0.738193
0.0424897
0.00497078
0.579846
1.35576
0.281803
1.0439
2.73931
1.24972
0.997898
0.121935
1.11886
0.161209
0.737069
0.737633
1.94744
0.0978613
1.52031
1.06754
1.18813
0.265434
0.178657
0.776331
1.34626
0.0868689
2.1316
0.439739
0.323172
0.86892
0.226556
0.884947
0.0330711
2.19396
1.62789
0.164185
0.596649
1.10612
1.82734
0.026147
0.367052
1.25551
1.82443
0.0633375
1.79681
0.638228
0.835653
0.210087
0.63106
0.151412
1.72109
0.123524
0.612089
0.42536
1.03439
0.530756
0.89955
0.572602
0.0665043
0.955226
0.137453
1.14613
1.0616
0.791786
0.0039197
0.150907
0.762967
0.354878
0.780687
0.0355551
0.281137
1.01953
0.00779806
1.02392
0.634511
1.59694
2.8551
0.0441379
0.604681
2.90853
1.61485
0.0528917
1.49854
1.29842
3.55501
2.28671
0.143954
0.760561
1.60124
0.664952
0.525265
0.863518
0.520436
0.00303036
3.28961
0.481632
0.670705
2.07392
2.11954
0.447041
0.104276
0.0245766
1.3832
0.797195
0.0250085
0.0588601
0.254874
0.872144
2.0093
0.37233
2.09889
0.0880957
1.0106
0.487353
0.43718
2.51717
0.404478
0.32117
3.04318
0.858927
1.0415
0.835973
0.0962578
0.728265
0.697493
3.13569
0.437706
7.24724
0.246447
0.476543
0.511896
0.339347
2.00489
0.295761
0.851438
0.391106
1.87936
1.07678
1.74277
0.0423132
0.446745
0.892221
0.0222898
0.619557
0.653747
1.06274
0.402459
0.116596
0.292434
0.359629
1.04699
0.353852
1.45194
3.28473
0.193973
1.05522
1.15472
0.287488
0.197275
0.637277
0.57679
0.201586
1.52524
0.412253
0.255445
0.145444
0.622861
0.100581
0.167402
0.191019
2.37498
1.21282
0.986553
0.0751755
0.583093
0.329082
0.0124667
1.59054
1.09918
3.00118
0.336629
3.41243
0.0415341
1.40332
1.55113
0.649543
1.4595
2.49292
2.30824
0.550317
0.706368
0.224882
0.169588
1.80611
0.166232
0.2998
0.0573125
2.06955
2.29192
0.0419395
1.0487
0.0177478
0.484435
0.260121
0.0189643
0.211449
1.30112
0.88266
0.280005
0.750221
0.967698
0.771239
0.117816
0.0087029
0.184657
1.377
1.01626
1.24326
0.00190678
1.73791
1.10125
0.75233
0.50812
1.36329
0.052873
1.13207
0.785761
0.871244
1.08
0.243548
0.139426
0.225764
1.20353
0.0280755
0.125215
0.368151
1.66194
1.34007
0.663142
0.0183693
1.47603
1.0665
1.10128
0.978424
4.99118
0.880086
0.501364
0.24942
0.814542
0.904842
0.262843
0.436113
0.893488
2.40144
1.06347
0.322617
0.574642
1.68083
0.888352
0.220711
0.771833
0.0503868
1.80208
0.681415
0.571926
2.04888
0.435221
0.581362
0.296812
0.0822677
0.309917
0.824705
0.882041
0.766389
0.180291
0.633874
1.89368
3.70625
0.774256
1.9056
0.14883
1.08045
0.681237
1.4374
0.620894
0.946112
0.10031
0.78082
1.98403
0.30718
1.74223
1.08263
0.23375
0.596052
3.99578
2.10192
0.296814
0.328936
0.22832
0.58931
1.22159
4.36996
0.679494
0.746069
0.267014
0.244066
0.114873
1.94481
0.0114289
0.333245
2.43952
2.10152
0.0357897
1.12592
0.402103
0.438949
0.877255
1.54424
2.65987
0.225033
0.536856
0.249258
0.712291
0.129571
0.0759456
0.45163
0.819673
0.0847421
0.214901
0.0559255
0.877705
0.335823
0.392069
0.109116
0.00397547
1.11419
1.18577
0.553168
0.0105372
2.42216
0.923564
0.475005
0.313946
0.232322
1.04947
1.22418
0.254071
1.2321
2.0244
0.704343
0.749419
1.70556
0.639976
0.846914
0.982604
0.841736
0.296332
0.00457892
0.166152
2.36972
0.416058
1.63958
0.367466
2.31846
0.0735547
1.15634
1.48634
0.487275
0.192134
0.464019
1.66122
1.28729
0.866795
1.63861
0.174529
0.144946
5.94256
0.377789
0.529986
0.731262
0.605697
1.36315
2.25491
0.425107
0.946619
0.425912
1.64225
0.0434246
0.982239
0.183422
2.26035
0.0565625
0.935564
1.28768
1.19468
0.0220812
1.63273
0.341527
0.596008
0.000233678
0.120917
0.683814
2.30143
0.534078
1.77687
0.192139
1.91147
0.749274
0.0913318
0.7759
0.787711
0.195382
6.77159
1.90322
0.567406
1.54384
0.91475
0.597445
0.193553
1.22868
1.08462
0.0739821
0.16866
0.816249
0.340473
0.181548
2.06389
0.664417
0.0149384
0.225801
1.33227
1.80163
5.229
0.905446
1.40907
0.123021
0.442874
0.739756
2.46047
0.106525
0.812758
0.597909
1.02511
0.431025
0.621289
1.04886
0.0244838
1.53773
1.73675
0.0237489
1.03439
0.226428
0.917562
3.09335
0.463262
0.351609
0.637104
1.13878
4.50759
0.555286
0.54717
2.33045
0.360928
0.267668
0.178517
0.520874
0.380248
0.722458
0.521432
0.567473
1.4505
0.597503
2.62101
0.68412
3.70981
0.327109
0.174492
0.49337
0.331695
0.327965
0.291837
0.0387429
3.7733
0.509756
0.266676
0.788624
1.472
1.3799
0.0862799
0.108133
0.038854
1.24147
1.42531
0.739519
1.30423
1.90716
1.12953
0.754155
0.184678
2.34637
0.770947
0.199384
2.42994
1.38609
1.43524
0.767343
0.066386
0.227191
4.76371
0.0852321
1.4824
2.16203
2.84025
0.163628
4.30605
1.22583
0.0219553
1.06364
0.310676
5.98905
0.470837
1.10507
0.5746
0.418808
0.443923
0.253906
0.181967
0.979053
0.323258
1.37377
1.38199
0.477648
4.29177
2.91337
0.364459
0.917574
0.1285
0.426234
0.871748
0.254748
0.242942
0.409018
0.329119
0.808047
0.396412
0.990835
0.672397
0.365423
0.972336
0.759096
1.02378
0.213449
2.67802
0.93123
0.593799
0.0852702
1.11453
0.949554
1.42785
0.479293
2.5851
0.0681684
0.202579
0.986662
0.312521
0.151248
0.19185
0.259116
0.13887
0.846691
0.0407294
0.138704
1.5464
0.981352
1.18197
0.142773
0.00640736
0.0982236
0.211907
0.21387
1.23639
0.293097
0.206402
0.0422498
1.4937
0.657558
0.892342
0.464264
1.26488
1.37588
0.65804
1.16692
2.46699
0.669985
0.0469126
2.39651
1.91834
0.175566
2.16482
0.376565
0.11088
0.671984
0.320102
0.108562
0.231995
4.86412
1.78588
1.44329
0.482715
0.0928652
0.600335
1.00743
2.57838
0.364212
0.374388
0.877536
3.33633
0.955535
0.790325
1.10926
0.565797
0.00476205
2.74428
0.812264
0.50248
0.379976
0.249034
0.223691
1.82129
0.477004
1.70835
3.51772
0.840331
1.0996
0.29019
3.38792
0.016453
0.725634
0.796154
1.16712
0.783438
2.71854
2.54302
1.12588
0.0267153
1.01234
0.156142
0.46633
0.0238909
0.158142
1.0441
1.03177
0.279064
0.0144914
1.59012
1.54868
0.255988
2.66285
0.24205
0.0601118
2.48711
3.03747
2.9702
2.6946
1.02162
0.569399
0.586037
0.66241
0.639426
0.590306
1.11516
1.78406
2.42928
0.0746692
0.373881
0.742909
1.80886
2.15155
0.00778142
0.438469
2.14079
2.36963
2.24076
0.214087
1.27175
0.0612332
2.75442
0.309517
0.569518
0.389504
1.13423
1.10674
0.785736
0.0358816
1.32281
1.54398
1.13313
0.399168
3.12449
0.659157
1.01402
1.28303
2.16261
1.0088
1.20466
0.0856139
0.107722
0.21773
0.29072
0.0529891
1.24235
0.160239
0.635912
0.0232409
0.746332
0.126278
2.80971
1.61748
2.45957
0.162278
0.0860488
0.313975
0.764464
1.03893
0.069933
0.28919
0.147697
0.106615
1.15461
0.0540337
2.00823
2.81654
0.018713
1.14583
0.450862
3.07881
1.98063
1.479
1.46533
0.67443
1.03919
1.99338
2.21741
0.0404256
2.36685
0.254064
0.81086
0.321181
0.347603
2.10648
0.468996
2.56208
0.25397
2.16911
0.0540539
0.708195
1.19975
1.43915
0.0224618
0.893269
2.17813
0.153308
1.02994
2.3885
0.088661
0.0561741
0.00900177
0.531828
0.261235
0.262646
0.171986
0.523175
0.170547
0.109864
0.24494
3.17091
0.256578
0.121797
0.233052
0.454192
1.22776
2.02497
0.0396012
0.632804
1.15906
0.517467
0.405186
0.507474
0.838159
0.0775407
1.93038
3.50045
0.0398377
0.68369
0.343685
0.0364167
0.506616
3.15156
0.465125
0.604852
1.22615
0.611053
2.25254
0.384781
2.28107
1.1019
0.0985353
1.61358
2.07152
0.246237
0.123773
0.110589
1.85221
0.383384
0.434909
1.53074
1.37826
0.47086
0.0986733
0.64066
1.22214
1.1475
0.917567
2.71402
0.512715
0.0348106
1.55191
1.08799
1.49703
0.479893
1.81184
0.521252
1.85428
0.170703
0.31958
1.36982
1.77166
1.11207
0.780567
2.42819
1.13587
0.496012
0.200907
0.306261
0.98403
3.88517
0.611575
1.09476
0.468921
0.0989581
0.362506
0.677252
1.11539
3.30271
2.0594
1.28365
3.43708
0.251046
1.03987
2.11114
1.83083
1.44692
0.555252
0.257939
1.8476
0.757847
1.82003
0.340755
0.0314754
1.92248
0.314445
0.159788
1.77466
0.266941
0.451765
0.191366
0.665401
0.0811384
0.0610827
1.14423
0.655729
2.2735
0.12354
0.762109
1.04207
0.215919
1.85665
0.00764261
0.573692
1.63461
1.99502
0.956266
0.5714
0.808369
0.817295
0.193766
3.59869
0.437292
2.39011
0.360437
0.41223
1.03186
0.696604
2.0816
0.454698
0.576414
0.301007
0.876251
0.0160765
0.547597
2.08328
2.55454
1.59582
0.105054
1.23844
0.452927
0.186446
0.451867
0.122402
0.432067
0.758672
0.0762519
0.325189
1.56817
2.26547
0.266195
0.435103
0.688792
0.913386
0.458079
0.882413
0.113148
1.70466
1.01793
2.92715
0.49576
3.0781
0.740037
0.21208
0.357338
0.345068
0.377864
1.29607
0.726258
0.247132
1.13354
0.06833
2.00738
0.393761
0.566354
1.12372
0.338981
1.20808
0.103084
0.338662
1.16229
1.3461
0.127122
0.869828
0.352957
0.639072
0.00155003
0.364049
0.0481816
0.310411
2.23779
0.440921
1.06057
0.345055
0.271943
0.863811
2.08538
2.21772
1.25416
3.23919
0.905453
0.131345
0.528521
0.423652
0.034103
0.030513
3.73345
0.321338
0.0817542
1.84451
1.68593
0.15709
0.196594
0.416671
0.354606
0.118567
0.121071
1.02597
1.06627
1.50668
0.599799
2.38757
0.335091
0.579404
2.08506
0.183422
2.5019
1.48792
0.994083
1.22899
1.42774
1.53665
0.44649
2.97125
0.0504215
0.626203
0.590654
0.208419
1.01782
4.28835
0.648369
0.92434
0.69181
0.646596
0.13607
0.345506
0.513061
1.20482
0.351805
0.350326
0.291477
0.256264
0.750123
1.27743
0.455655
0.598096
0.527966
0.352239
0.489306
0.0856189
1.007
2.96839
1.35456
0.209336
0.109946
0.556267
0.213846
0.944991
1.22306
1.87428
0.903609
0.49333
0.460553
3.26594
0.0884833
0.528212
0.179662
0.879458
0.646783
0.251205
0.126413
0.0551513
0.713563
0.0512309
0.673525
0.346786
0.692946
0.918199
0.761946
0.328043
0.786003
0.819829
1.70804
0.300763
1.56889
0.783794
0.759241
0.1866
2.15437
1.81982
0.26668
0.0930642
0.254923
1.55208
2.56992
0.164314
2.89292
1.17216
0.329841
0.538993
0.0599617
3.19779
1.07869
1.13086
0.426143
1.0633
1.16727
1.82096
1.20954
0.701436
0.11667
0.810832
0.810305
0.335771
0.190484
1.22993
0.00656706
0.830631
0.51242
2.55172
0.834505
0.847849
2.48764
0.316754
0.625072
0.0341768
2.48467
1.12573
0.198982
0.390222
0.0758863
0.442943
0.892678
0.342662
1.69355
2.10363
0.0831324
2.30181
0.325836
0.0127332
0.697877
0.175414
1.56832
7.51023
0.938502
0.132195
0.0928346
0.537017
0.555609
0.251479
0.679767
0.864069
2.04517
1.31418
0.625077
0.377655
1.6402
3.752
0.183051
0.0222916
0.12176
1.75976
0.188976
1.53347
1.15603
0.158599
0.498009
1.93655
0.756265
1.20067
2.74937
0.485694
0.330417
0.872373
0.334027
1.70436
0.693746
0.950071
0.173237
2.69163
0.258671
0.356588
0.141672
0.218711
1.80609
0.422593
3.73837
0.130816
1.1424
0.303135
0.788431
1.85651
0.942558
1.87305
0.383798
2.31756
0.32717
1.85198
0.0690169
0.516379
2.37595
0.830976
0.513532
2.41499
2.29967
2.88391
0.490117
1.11995
1.79782
0.593034
0.437682
3.60027
1.19734
1.12167
2.51438
0.722388
0.656402
2.91338
0.0580855
1.7228
3.60044
0.118395
1.58323
1.42198
0.00322946
1.9236
1.28244
0.457553
0.822538
0.49858
0.110795
2.03463
0.339631
0.566286
0.090971
0.697453
0.106633
0.276035
2.28487
0.655862
0.570553
0.128886
0.296733
3.25053
4.77105
0.0354526
0.0874619
0.109316
0.347713
1.19053
3.39441
0.442315
1.06933
2.9015
0.56346
0.839259
1.87343
2.69357
1.53367
0.571747
0.979038
0.190997
0.0390194
3.81538
1.50387
2.15107
1.45511
1.41453
0.0337067
1.2481
0.126996
0.0942007
0.894299
1.05443
0.129562
1.97869
0.483376
0.961879
1.60011
0.0945609
0.0110707
0.0844781
1.03482
0.127342
0.0887524
0.107304
0.296488
0.870486
0.411072
0.0331679
2.67291
1.29492
0.126987
1.67813
0.118572
0.611531
2.05859
2.39056
0.416019
0.174498
0.468286
2.20855
0.983719
0.0875202
0.0618011
2.17789
1.76887
0.0778625
1.0925
1.10385
0.023302
0.644213
0.236768
0.213902
0.0658675
0.922922
0.204422
1.05088
0.816655
2.15289
0.232488
2.11572
0.296631
0.15245
1.35722
0.513236
0.152689
1.00459
0.36639
1.04755
2.39798
0.800995
2.76519
2.48527
0.0869666
0.212843
0.331846
1.38879
0.429719
1.32174
0.767088
1.26719
2.46362
0.512533
0.806759
0.0131725
0.291098
1.36395
1.95183
0.201884
1.72236
1.46519
0.0309642
1.01879
1.79085
0.139446
0.277853
1.08795
0.717281
0.925692
1.00143
0.0904712
2.29797
0.489797
0.300416
2.03163
0.369455
0.39959
0.0711612
2.14519
0.151103
0.740299
0.343829
0.500402
0.766094
0.367086
0.14983
1.51243
0.57151
0.558593
0.124692
1.18597
1.80889
0.228535
0.364713
1.17582
4.97708
0.544437
1.11416
0.602206
0.476283
0.362432
0.00449911
0.538966
1.25438
0.386362
0.830745
0.114729
0.567524
0.0539582
0.0430117
0.623643
3.87552
0.23473
1.57635
0.420725
0.838564
1.30108
0.335172
0.529364
0.1117
1.40765
0.0175602
0.0921482
0.396547
0.0977198
0.440386
0.388798
0.837475
0.720609
3.06809
2.94355
1.33182
1.384
0.138784
2.34072
0.485437
1.83969
0.975049
0.314775
2.29326
0.251578
0.555616
0.965762
0.00459054
0.419925
1.13086
0.00817905
3.23814
0.876794
0.153834
0.151712
0.64466
0.0561124
0.209714
0.745969
1.51456
0.264942
4.3347
1.99388
4.51962
1.1127
0.501739
0.184643
1.79619
2.49821
0.0689381
0.31611
2.69001
0.259159
0.558299
0.355404
0.227756
3.04913
0.356558
1.02431
0.390998
0.19088
2.56081
0.391162
2.08807
0.152662
2.52315
2.36847
0.924958
0.224333
1.60256
1.60471
2.30993
0.31017
0.0138691
1.58625
0.451205
1.46643
0.922288
3.01494
0.770464
0.24142
0.767627
0.261709
1.10117
1.52731
0.250265
0.0181882
1.12658
0.547503
0.26717
0.445194
0.415866
0.900131
0.485192
0.0858923
0.0372991
0.492344
0.0785652
1.21768
1.01459
1.16003
0.0134071
0.0712254
0.199156
0.838606
0.220529
0.735406
0.0221355
0.436653
0.407787
0.282439
0.761189
0.16833
1.00162
0.756935
0.45269
0.365081
0.369298
0.0166918
0.276628
2.3613
0.316531
0.421366
0.0129135
4.05109
0.823382
0.798312
0.75735
0.539628
1.26526
0.0262682
3.09793
4.59623
0.835333
1.47735
0.3637
2.15126
1.50251
0.0258453
1.52473
0.482603
0.143701
1.01824
2.33583
1.9466
0.376987
2.87771
0.309534
0.0206378
0.250663
0.253465
0.0250669
0.514206
0.665886
0.233633
0.824286
0.142517
1.81011
0.0693203
0.421179
0.637153
0.752104
1.06289
0.987894
0.169436
1.46175
0.197436
1.12438
1.26934
1.23874
0.394214
0.0413215
0.839245
0.182303
0.235746
0.514164
0.15564
1.41501
2.09995
0.130535
0.975734
0.200278
0.409079
1.52171
0.655528
2.64063
0.151343
1.19926
3.36738
0.965519
1.3273
0.418186
1.08641
2.29462
0.691428
0.672327
0.112952
0.398587
0.0295374
0.091732
1.70186
2.35429
0.909275
0.0271272
2.38152
0.735829
0.480891
2.03414
0.706239
1.09775
1.96368
2.6718
2.16392
0.589578
0.406086
0.847628
0.739742
0.728534
2.0574
0.308117
0.834223
0.300028
2.50417
0.181389
2.51191
0.821719
1.68381
0.236591
0.0723341
0.934857
1.88445
1.01481
1.41352
0.144259
0.0966714
3.69535
2.56218
0.315753
0.14089
0.809363
2.18367
1.80886
2.25757
1.77193
0.238521
0.00594088
1.04782
1.24055
0.307544
0.713854
1.05943
0.235559
0.106167
0.371739
0.188125
0.564937
0.859088
1.87221
0.0531448
0.166116
0.950002
0.550255
0.0137162
0.212922
0.800782
4.56758
0.550739
1.02626
0.333355
3.10361
3.34932
1.23365
0.22236
1.38943
1.40127
0.817536
1.64032
0.281939
0.0920063
3.27836
0.905712
0.620647
0.485689
0.1699
0.671173
1.0905
0.387214
1.98323
0.103972
1.79758
1.39638
0.504818
0.162488
0.377577
0.357316
0.358287
0.375732
0.167357
0.720605
0.773334
2.71071
1.13945
0.342106
1.00348
1.18495
1.33477
0.714101
0.169916
0.818426
0.771725
0.588813
0.0636245
1.66619
0.132068
2.47251
0.445171
0.270622
0.308753
1.69892
0.577152
1.33287
3.13395
0.352097
0.219995
0.4667
0.158663
0.896829
0.217384
0.519269
0.57128
0.652101
0.567411
0.695996
2.12443
0.402402
0.660473
1.41805
0.171232
0.238873
0.0721955
0.791046
0.533798
1.65344
0.0831179
0.0528118
0.733514
0.925216
1.07626
1.07689
0.880511
0.0952241
0.443697
0.739115
0.329764
4.21113
0.30317
3.0645
0.26026
0.992475
0.760579
0.173211
0.535144
2.8474
0.0946507
1.21224
1.88975
0.668149
0.568885
0.526163
0.460677
0.37406
0.842128
3.69461
1.64426
1.95266
1.49295
0.547089
0.695033
0.871045
0.101836
1.35345
1.19992
0.760795
0.847388
1.77442
0.72873
1.79732
0.855801
2.81732
0.938016
0.111284
1.88213
0.153013
0.272658
1.30255
2.56069
0.954864
0.613881
0.0182251
0.556877
1.33657
1.01918
0.795973
0.482507
1.10105
0.0161582
0.0344535
4.40816
0.352598
0.40801
1.48233
0.178073
0.242284
1.5621
1.79485
1.94038
1.58776
2.32666
0.987792
0.18468
1.08909
3.49325
0.115305
0.188268
0.076419
4.92113
1.00784
0.148847
0.147832
0.0904289
0.249105
0.787835
1.25377
2.97358
0.282966
1.1716
1.10519
0.53392
0.30913
0.32124
0.928189
0.616928
0.778006
0.233783
2.97734
0.0898081
1.65453
2.10223
0.273654
0.639142
0.187563
0.0478007
0.803257
0.866411
1.92799
0.0692319
2.39664
0.29982
2.54996
0.178577
0.922422
0.807671
1.34188
0.157001
0.329083
0.894412
0.730839
0.128014
0.329775
0.829883
0.0149555
0.501979
0.451786
0.366746
3.03403
0.428591
0.851704
1.10027
0.59039
0.466212
0.368887
1.83734
0.445693
1.02449
0.15403
3.78126
1.76263
0.434884
0.262573
2.17632
0.504447
0.793264
0.610016
4.60827
0.530817
0.259804
0.347906
1.17844
1.09426
0.145132
1.73609
0.350225
1.17939
2.21126
0.821528
0.14406
4.24137
0.296812
0.342808
0.38512
1.6469
0.854104
2.08461
0.58764
0.848648
0.720972
1.0862
0.949139
2.51225
0.0670637
5.70382
1.06809
0.57712
0.268647
0.0811318
1.74541
0.069233
0.114208
2.40295
0.318764
0.0764941
0.19977
1.08045
0.532424
0.0993581
2.59869
0.571162
0.133109
0.935385
0.779345
0.142559
0.717087
0.754143
0.224963
1.75283
0.397034
0.0677412
1.06142
2.71526
0.524856
1.56097
1.29178
1.72557
0.595463
0.0340709
0.0311706
0.267077
1.26476
2.40676
0.31189
0.146294
0.208945
0.246013
0.258853
0.703504
0.117464
0.343792
1.13432
0.753562
0.725496
0.653743
3.2446
0.647584
1.62409
0.0506814
1.58898
1.1697
2.22704
0.605405
0.875859
3.18187
0.240269
1.18572
1.45478
0.477478
1.14188
1.83354
0.284603
0.444595
0.0137008
1.13285
0.531345
1.56212
0.310807
2.21301
1.69411
1.47446
1.58589
0.664513
5.78822
0.447404
0.416029
0.187873
0.781581
0.527837
0.544147
0.371639
2.423
1.0214
1.00842
0.00983902
0.921543
0.511752
0.50921
0.120176
4.41536
0.14244
0.224969
0.818035
4.59073
1.33908
0.575371
0.615948
0.0153183
1.45815
0.215862
0.854776
0.635885
1.21964
2.25058
1.10919
1.11513
0.450763
0.488896
0.0803994
1.2492
0.962868
0.587459
0.866162
0.954182
1.3874
1.43122
0.569896
2.10298
0.35428
0.399767
0.0501712
0.208611
0.719654
0.683178
0.387069
0.180082
2.17856
0.012102
0.106097
0.351883
0.694068
0.185678
2.37947
0.413477
0.331959
0.486369
0.622067
0.870518
1.3421
0.338671
1.94629
2.12402
1.31912
8.21293
0.140793
3.7464
0.556281
1.04047
2.41217
1.20874
1.19639
0.258078
0.668343
1.05836
1.61506
3.26416
0.802059
0.336112
1.65318
1.56653
0.433913
0.45715
1.17162
0.0962626
0.619069
0.165258
0.415427
0.142574
0.40859
0.116286
0.161601
0.192407
0.0402176
0.56067
1.04976
0.0180451
2.74137
1.15679
0.370298
0.698543
1.03067
0.100008
0.713382
2.84635
0.661315
2.85082
0.436759
0.235795
1.26875
0.334617
0.704295
1.65055
0.575895
0.483301
1.81156
0.00378059
0.934895
0.111644
0.142716
1.58751
0.681975
1.06747
1.12076
0.158488
0.780791
2.72953
0.126758
0.972036
0.112607
1.03967
0.681053
0.183
1.46998
0.0923342
1.42121
0.511447
0.727677
0.610534
0.635766
1.23369
0.95038
0.00110371
0.0390588
1.2398
0.600536
2.23211
1.69092
1.42621
0.00224156
4.45607
0.73902
2.38193
0.0080156
1.12852
0.285745
1.6504
0.225883
0.560703
2.9352
1.90511
1.41139
0.455164
1.41006
1.78036
0.535414
0.40693
0.67429
0.0293659
0.219464
0.759692
0.0813207
1.70102
0.309192
1.15146
0.914976
2.1492
0.00707188
0.135329
1.1781
0.440724
0.33685
2.37086
0.230294
2.39867
0.380296
0.983717
1.61593
0.637474
0.0041619
2.07354
0.638408
0.526887
0.013649
0.173573
0.796342
0.896745
1.76066
0.464974
4.63339
0.208261
0.104773
0.405698
0.828139
0.134186
0.40461
1.50821
0.681449
0.551013
1.68874
1.8892
0.187384
0.0999892
1.86039
0.181951
2.39013
0.30577
0.0981164
0.362535
0.865874
0.11672
0.772392
0.795092
0.6959
0.360795
0.436342
1.11034
2.03498
0.088807
3.32857
1.17839
0.786156
1.13412
0.576657
0.935736
0.625511
0.221448
1.39203
0.618215
0.896812
0.176049
0.446344
0.594825
0.77586
1.28726
0.0369032
0.496762
0.20168
0.584184
0.664107
0.713153
1.11277
3.6706
0.389378
1.98225
1.23723
1.18679
0.0051441
2.29579
1.08671
0.0547237
0.67861
2.3363
2.01115
1.00379
0.656299
0.453546
0.499191
0.283148
1.16545
1.58667
1.3544
4.59141
0.919841
0.362062
1.09209
2.7254
0.0645332
1.16978
0.593349
0.588044
0.0672662
0.840555
0.698565
1.64163
3.34571
0.189044
0.78138
5.1564
0.08683
2.42324
0.331546
0.822779
0.182679
1.03027
0.514875
0.980206
0.0507815
1.84057
0.542082
2.23521
0.314118
0.0954895
1.65178
0.0929553
1.00276
0.036924
0.801073
0.0709078
1.1697
1.123
0.152429
1.0325
0.530373
0.202756
0.099704
2.17364
1.31547
0.638989
3.41359
0.152753
0.247562
0.926922
0.869624
1.08523
0.95846
0.729856
0.110527
0.825495
0.14118
0.983724
0.41289
0.153747
0.372698
3.09646
0.548225
0.224152
0.645293
0.110656
0.216182
0.95999
0.387487
0.511487
0.420817
0.167315
0.030523
0.25639
0.163092
1.15777
2.9512
0.501423
3.53674
0.296761
1.83189
0.465831
0.813024
1.18977
0.0465692
0.235488
1.95192
4.3591
0.878085
0.905851
0.907516
1.64825
0.259112
1.27175
0.224415
2.81367
1.15695
0.335729
2.1943
0.0773197
0.594762
1.38204
3.17379
0.74748
0.510105
0.634777
0.778305
1.16608
1.32446
1.43883
0.665784
0.298018
2.03406
0.256106
0.0452875
3.46709
3.71354
0.0133944
0.977998
0.953286
0.0829467
0.420047
0.35034
0.0769783
0.760824
0.453438
0.137452
0.204728
0.247193
2.44645
2.12313
2.72575
0.337186
0.840824
0.77834
0.662981
0.283446
2.65904
0.781403
4.12382
2.92677
5.40444
0.678375
1.42257
0.716029
2.12243
1.5363
0.613785
0.0834381
0.575178
0.620796
0.655828
2.27513
0.0488161
0.966431
0.794596
1.56446
1.26593
2.91376
2.69544
3.90064
0.445587
0.221984
0.107258
0.591311
1.85958
0.0858511
0.765131
1.23238
0.457392
0.203165
0.760588
1.45851
3.2048
0.402282
0.698071
2.22422
0.791581
0.318516
0.294762
0.376396
0.127944
3.27909
1.7888
1.92367
0.317245
0.145229
0.0478575
1.01938
1.11732
1.85227
0.810652
1.36861
0.0400817
1.21879
1.23825
1.46255
0.561554
0.804962
1.11631
1.96493
1.09902
0.411625
0.77056
0.290954
0.579017
1.70811
1.49006
1.26308
0.964441
0.131789
1.74655
3.04314
0.195863
0.245665
2.1287
0.905067
2.6808
1.7637
0.809991
0.553602
0.38448
0.516252
0.273782
1.07686
0.438845
1.87809
0.398037
3.64973
0.456754
1.37064
0.048517
0.16639
0.228673
1.19595
0.159922
0.256022
0.20938
0.79709
1.22705
1.33287
0.170132
0.320282
1.53302
1.67615
0.259562
0.435715
1.71246
1.11248
1.29053
0.476634
0.219815
0.299192
0.408969
1.13396
0.570717
0.260174
0.356531
0.42038
1.40101
0.887227
0.814598
2.90056
0.39034
0.969338
3.13042
0.839856
1.47532
0.312691
0.87685
1.70774
0.0589043
1.09715
0.0438799
0.181144
1.22151
1.79405
1.19299
1.22512
0.0108735
0.285629
0.851164
0.0649014
1.28768
1.32576
1.07686
0.60466
0.673114
1.51038
0.0403244
2.48999
0.080628
0.924021
0.800965
0.192282
0.953995
0.305267
0.0200235
0.491686
0.78721
0.143988
0.242443
2.36486
0.0168144
0.463625
2.21515
0.143684
0.965568
0.434913
0.98829
0.155846
12.112
0.0131142
0.165544
1.72593
2.9025
0.361664
0.490331
0.195319
0.225076
0.798553
1.00884
0.64309
0.56954
1.04037
0.607421
0.338959
0.30291
1.98095
0.435571
0.221459
0.0763853
1.50242
0.359946
5.46694
1.51603
0.61433
0.281271
0.828972
0.205073
1.77037
0.116719
0.908325
0.0336591
1.3612
0.47118
0.560318
1.18679
0.277866
0.0469784
1.21589
1.84251
0.154806
0.160064
0.733182
1.72802
2.9923
0.623294
1.98009
0.405127
0.718948
2.94004
1.45364
0.392464
0.318951
0.977334
1.7268
0.0754823
0.0953303
0.415147
2.92335
0.150607
0.540124
0.73043
1.39034
0.0102407
0.267639
1.20628
0.379237
0.412518
0.499263
1.55064
2.63876
0.340103
1.44232
1.2262
0.41672
0.957382
0.208632
0.293748
2.23394
1.06078
0.679262
0.346437
1.93635
0.947176
0.286742
1.26062
0.182488
0.714931
1.10604
0.989823
1.64125
0.633364
1.17623
0.179071
3.41894
0.381314
1.1532
0.556416
0.758491
0.669903
0.369734
1.49126
0.836689
0.245055
1.22377
1.25781
0.570517
1.99719
0.371657
0.670623
0.637441
0.292982
1.04388
2.36223
0.16001
2.25593
0.058067
0.509951
1.02046
1.02274
0.227961
0.740754
0.781932
2.00612
0.0146024
0.818326
1.78686
1.33701
0.43119
1.07175
0.576785
0.747311
0.196443
2.46136
1.34622
2.08926
1.59079
0.229868
1.9396
0.225275
1.36077
2.27648
0.164838
0.813409
0.33161
1.73114
0.86441
0.168354
1.33417
0.267791
1.27548
1.11798
0.755463
0.271659
0.830048
0.460517
0.52165
0.449614
0.481535
1.07246
0.249508
0.493666
0.146564
1.12246
1.86964
0.385408
1.28764
1.56189
4.44217
0.550969
0.981426
0.194126
2.36795
2.68551
0.571956
0.263198
0.965598
0.483659
0.490623
0.522428
3.11968
0.430955
1.84551
0.514415
0.194138
0.419882
1.1269
1.24585
0.62612
0.229984
2.12779
0.0382599
1.00055
0.233066
0.313493
1.58646
0.68363
0.326951
0.140257
1.71085
0.0771332
0.110578
0.0350608
0.0257631
1.33279
1.1918
1.5267
0.769132
0.220323
0.301078
2.67437
2.91247
0.519468
0.0991897
0.405469
0.639533
0.822403
0.934525
0.700739
1.30617
1.50545
3.14048
0.180752
0.132242
0.231992
0.428079
1.32964
1.39822
0.0113513
0.240691
3.19553
0.367003
0.636694
0.571132
1.05796
0.525763
3.71926
2.12778
1.66094
0.111637
0.155511
0.923241
0.405835
1.23587
1.49169
0.381042
0.443874
0.133531
0.385837
2.40777
1.72712
0.354531
0.558289
0.925866
2.43295
1.06694
0.191541
0.525255
4.43188
0.092256
1.45901
0.031168
0.497027
1.01725
0.343572
0.863271
0.0265342
0.420022
0.278393
1.05404
1.64652
0.72825
0.0725383
0.37614
0.389432
0.216337
0.287854
0.925464
0.725297
1.33181
3.11097
0.634973
4.40289
1.03441
0.936848
1.64819
1.64454
0.366512
0.0798889
1.46487
4.40152
2.60393
0.808961
0.595544
2.0946
0.41218
0.531402
1.22062
0.758338
0.794392
0.592596
3.02117
0.598497
0.978771
0.53229
1.98632
0.10603
0.150155
0.844595
0.97716
0.856281
2.48324
0.907177
0.43851
0.289709
0.543516
0.0146337
0.348029
0.596391
0.4712
0.0549118
1.62718
0.740478
0.599586
0.881278
0.401361
3.21358
2.55813
0.0155522
1.69862
0.790868
1.07833
2.20758
0.528452
0.844862
0.694333
0.42487
1.26593
2.16807
0.273663
0.0473192
1.53436
2.06402
1.01121
0.856867
0.213882
0.821314
1.8736
0.893331
0.972971
2.88017
0.288108
0.400893
0.282611
0.698495
2.96907
4.16037
1.24066
0.701953
0.0379242
0.050841
0.269796
0.0513887
0.255893
0.564469
0.0577178
0.0794237
0.00132571
3.17343
0.426113
1.43362
0.588129
0.727957
1.23901
0.205067
1.52336
0.973127
0.250009
0.761169
0.370789
0.456296
0.668118
0.663467
2.52913
0.273436
0.897113
3.31842
0.403824
2.15309
0.171103
0.461073
3.68435
0.43373
0.639605
3.73819
0.154982
0.469654
0.296896
0.954379
0.376619
0.227398
2.45691
1.39546
2.72117
0.0837561
0.938136
0.596955
1.42715
1.99517
0.327847
1.00059
0.130476
0.75619
0.878033
1.92697
1.78351
0.0253935
0.221849
2.80318
0.267678
0.267321
0.326789
0.321859
0.713798
1.02107
0.310336
0.102492
0.186521
0.313349
1.79616
0.338549
0.72349
0.228533
0.207828
0.792783
1.05226
0.736804
0.507243
0.693632
0.21777
0.607185
0.0475361
0.135889
1.68845
0.783765
0.194065
0.959923
1.00562
2.20503
1.4675
3.3154
0.182604
1.01883
0.979701
0.740297
0.0428129
0.428775
3.06236
2.51956
0.451802
0.910852
0.0109634
1.30264
0.0328009
1.55225
1.71701
0.0809932
0.387664
1.25861
0.751383
0.0399576
0.664406
0.734859
1.64811
0.319849
0.151992
5.70985
2.16329
2.34749
2.07967
0.178001
0.201006
2.22481
2.33188
0.00347371
2.33624
0.513127
0.45369
0.344978
1.95411
0.0246684
1.58674
0.460064
2.03745
0.0969347
0.0439456
1.24961
0.0824765
0.168185
0.197156
2.07028
1.31667
0.433383
2.29097
0.273206
0.269501
0.257838
0.0912663
0.0983335
1.80483
0.0428706
0.63312
0.195625
0.163505
1.90351
0.195964
0.727691
0.47806
0.773263
3.30574
0.458699
0.364642
0.698865
0.922535
2.22375
0.25859
3.62336
0.259561
1.89664
0.266552
1.0666
0.156588
0.412
0.683441
1.81151
0.138619
0.303916
0.149903
0.727224
0.799898
0.0229461
0.172818
2.17453
1.44578
0.456527
3.92486
0.756543
2.83034
0.575553
0.677612
0.143297
0.782054
0.048703
2.07706
0.854558
0.547698
0.851737
0.416433
0.023019
2.78559
1.04298
0.260802
0.295345
0.0183238
1.37556
1.9214
0.237614
1.01581
0.340925
1.78488
0.704326
2.6094
0.178028
3.64413
0.91162
0.354885
0.341632
1.20738
1.10422
1.75277
0.49185
0.170511
2.56002
0.869117
0.124811
2.35543
0.218646
0.66227
0.405928
0.864377
0.0212859
1.20001
0.766715
2.37165
0.637781
0.302379
1.29185
0.184006
0.36546
1.76916
0.699607
1.47392
0.0877894
1.2713
3.3479
0.418159
1.1709
1.84927
1.33067
0.162169
0.637752
0.192495
0.408606
2.55581
2.42179
0.0154341
0.182294
1.71722
0.540582
0.129256
0.34177
0.258576
0.488015
0.15441
0.623488
2.86017
1.63668
0.304676
1.79819
1.84744
1.06292
0.0568151
1.19162
0.326328
2.56379
0.492397
0.702976
0.356424
0.795465
0.094009
1.34407
0.0841436
1.99727
1.85366
0.149466
0.0531155
0.392152
1.35687
0.800479
1.16704
0.584032
0.176234
0.984378
1.59706
0.905402
1.68829
0.950587
1.78078
0.0388255
0.696134
0.5198
0.703287
1.03865
0.972461
0.331116
1.10745
2.92583
4.49673
0.138924
3.1785
0.279009
0.44784
0.329144
0.191152
1.84591
0.24861
0.785918
1.6197
2.36761
0.568299
0.071244
0.737943
1.70597
1.15089
0.125841
1.27992
1.31732
2.86691
0.445183
0.971669
0.27925
1.7011
2.60067
3.96685
1.57629
0.589811
0.0359547
1.56326
0.303961
1.49931
0.291178
1.41202
0.34489
3.04044
1.02621
1.75844
1.91136
0.314044
1.189
0.920595
0.962005
0.279974
0.418837
0.167561
2.0645
1.64754
0.769116
0.0844471
0.429603
0.170628
2.25357
1.53467
1.98132
0.0509034
0.0310208
0.574008
1.29066
1.13676
0.307088
2.98096
0.965218
1.63974
0.331573
0.423554
0.18167
0.303411
1.70727
2.30005
0.0179316
0.101758
1.29014
0.701359
3.21283
0.380185
2.20533
0.137998
0.644208
1.1887
0.250524
3.25376
0.0945486
0.304264
0.660869
0.659916
0.205966
0.870979
1.29749
0.491228
1.65955
0.893845
0.285726
0.561687
0.775708
0.999823
1.69548
0.207521
1.16838
0.908545
0.0876566
0.0928751
0.179584
0.588096
1.19554
0.261531
0.84254
0.77602
0.147148
1.95536
0.514714
1.06764
0.469674
0.391727
3.91719
0.840353
0.125727
1.08286
2.15531
2.13059
0.405789
1.71215
2.01338
0.187518
0.171924
0.279292
0.930341
0.936529
1.0377
1.74239
0.0723805
0.834817
1.32295
0.541991
5.52297
1.1879
0.169332
0.348046
0.537331
2.04121
0.11244
0.535948
0.0600144
0.257574
0.177071
1.33636
0.0470469
2.27994
0.576883
1.50156
1.20483
2.43228
1.24437
0.625967
0.239901
0.489373
0.347032
0.66604
3.16033
1.91289
1.44805
2.25502
0.225425
0.252832
0.276889
0.382197
0.539002
0.457687
1.30939
0.146567
1.82288
0.831217
0.339768
1.02022
3.58179
0.408903
0.700331
0.0805851
2.38567
0.351685
0.0673655
1.05151
0.273573
0.401613
1.22547
0.453814
0.447693
1.23608
0.44745
0.985137
2.26128
1.74058
0.704206
0.409997
3.01172
1.03273
0.66153
0.0619617
2.13232
1.45717
1.40549
2.06843
1.91771
0.0247991
0.203316
1.9282
0.669373
0.131067
0.60253
0.355077
0.248011
0.904849
0.0816378
1.60438
1.43646
1.14419
0.378973
0.114026
2.97838
0.642151
0.98965
0.321845
0.801608
0.793005
0.0542258
1.88046
0.738244
0.454147
0.479764
1.94126
1.63691
0.452094
0.79523
0.22322
0.834263
0.703628
0.330007
0.34791
0.274541
1.3355
0.448068
0.941958
0.388356
0.4387
0.19625
1.52882
0.204194
0.411683
3.04972
1.35479
0.0819283
1.85263
0.199028
0.56926
2.63295
2.03042
0.0268713
0.7649
0.941349
0.151572
0.29684
1.09468
0.600327
0.990735
4.29964
0.179756
0.245623
1.4768
1.21688
0.611449
0.646256
0.487633
0.796076
2.26352
0.237887
0.458988
0.144188
0.666695
4.67123
1.29837
0.298166
0.133103
4.31461
0.876574
0.129747
2.96736
0.213945
1.41583
0.609987
1.59023
2.2234
1.25791
0.488666
1.68517
0.444945
0.683036
0.242802
3.61368
0.356941
1.945
0.800815
2.75048
4.4222
0.180255
4.2634
3.3294
2.45581
1.47132
0.584546
2.31534
0.77188
0.559842
0.303794
0.804217
0.0663138
0.825863
0.599158
1.84452
2.56317
0.664385
0.506633
2.01909
0.779408
1.80377
1.07714
1.61577
0.31859
0.293798
1.79616
1.05276
0.441704
0.50952
2.56736
1.80374
0.465376
1.06322
0.751092
0.211742
0.866226
3.08179
1.11763
2.25661
0.290656
0.00615017
0.364635
1.69087
0.719347
1.71146
0.613048
0.556714
0.110924
1.04413
0.867886
0.0665075
1.59204
0.625318
3.29752
0.177638
1.09052
1.00436
0.855508
0.400761
0.724791
0.925317
2.3005
1.46732
0.771081
0.0130578
0.752543
0.484229
0.123909
1.92555
1.63287
0.880014
0.642042
5.79652
3.11842
0.465393
0.666005
0.324451
2.08387
0.803825
5.41032
0.395465
2.43
1.0169
0.260097
0.232979
1.82634
0.0913437
0.418232
2.91757
0.707475
0.113417
0.611987
1.21482
0.254834
0.660217
1.86035
0.305152
0.201212
0.193685
2.40456
1.70875
2.45635
0.413378
0.268759
0.301328
0.307031
0.166011
0.445296
0.854251
0.990901
0.0555237
0.802596
0.36856
0.341265
0.307568
0.253923
0.179583
0.160845
0.611993
0.334329
1.03246
4.28815
1.91397
0.637105
1.96361
0.243996
0.685148
3.07619
1.22948
1.3443
0.00561404
0.162533
0.172257
2.2152
0.0851543
0.0249208
2.62163
0.0536866
0.816712
1.72792
0.268319
2.69251
0.585155
3.15428
0.13031
0.103312
0.843503
0.343111
4.43624
2.59794
0.353127
1.25619
0.292512
0.0607852
0.0295991
0.495513
1.46617
0.52807
1.39208
0.558294
2.1168
1.45846
1.32155
0.801613
0.912954
0.546244
0.668778
0.889218
0.682037
0.70138
0.721984
1.54937
0.371883
0.864658
0.0814678
1.91609
1.43649
2.78981
1.2262
0.19709
1.0623
0.334526
0.120369
0.912716
0.897947
1.36433
0.721834
1.09637
1.67603
1.22817
0.0999203
0.389313
0.181222
2.42461
0.21491
1.22536
0.298143
0.353954
1.47868
0.137625
0.141386
0.224082
0.0205118
1.05946
1.8128
1.08675
0.757388
0.239637
0.378826
0.710389
2.03887
0.522356
0.624597
0.209833
0.518808
0.113086
0.412434
0.888632
0.903213
0.623001
0.526686
0.344221
0.667738
0.642708
0.248195
0.155473
0.62699
0.0760426
0.489807
0.197558
0.248558
1.26057
0.0845608
1.68205
0.535263
0.304481
2.33608
0.915462
0.830324
0.492058
0.385571
0.291511
1.39508
1.01434
0.0752855
0.0861478
1.00679
0.318867
0.559048
0.113439
1.3692
1.02002
0.361928
0.412632
0.221369
2.12408
0.71347
0.324824
0.516499
0.851024
0.0167264
0.248284
0.25397
0.852426
0.0489371
0.0335175
1.05285
2.91965
1.67365
0.201446
0.114668
1.08593
0.760612
0.329699
0.381818
0.654007
1.74436
1.63447
0.265399
2.48957
0.592767
0.224386
0.64145
0.875053
1.86186
0.769624
1.74317
0.768343
1.74011
0.785
2.84517
0.0101256
1.45373
0.889472
0.7106
1.77441
1.5689
2.18603
0.20395
0.41293
1.46474
0.774996
1.81635
1.39243
2.15146
0.248893
2.14323
1.02279
0.639741
2.74746
1.30763
0.0948055
0.0563014
0.438908
0.59081
0.464288
2.12171
1.199
1.56493
0.338371
0.335233
0.403588
3.31735
0.017476
0.658322
1.13376
0.456818
1.14408
1.06652
0.655759
0.949694
0.223284
1.30362
0.273392
0.506576
0.0139986
1.41322
0.0850621
0.468104
3.08259
0.370924
0.958666
2.15594
1.10088
1.19024
0.505226
0.369095
0.399538
1.26225
0.258939
0.110445
1.27374
0.510952
1.20789
4.01888
3.30343
3.8634
2.11279
0.152821
0.43658
0.834213
0.268967
0.0430609
0.336479
0.665951
0.535462
0.0699918
1.20404
0.400068
1.99141
1.31941
1.22419
0.079942
0.117008
1.26181
0.443708
0.267103
1.65008
0.0156541
0.0322239
1.09941
4.36515
0.621893
1.69222
2.50435
0.082489
1.05998
0.279344
0.0657968
0.136492
1.75494
0.0810643
0.0785879
0.11656
0.20078
0.410542
1.5094
1.04713
0.881806
0.544661
0.846968
0.783492
1.77415
1.35933
0.588985
1.58205
0.926703
0.373787
1.74225
0.0725759
0.215376
2.88678
0.0239167
0.0811408
0.498524
0.0393319
1.25011
0.874216
0.134518
0.963954
0.160233
3.38581
0.833761
0.313887
0.388477
1.75344
0.702681
0.882651
0.134921
0.702846
0.0953888
0.0789631
0.877627
0.282933
1.91787
0.294499
1.1678
3.33997
0.154837
0.954611
0.288781
0.247889
3.96493
0.4039
2.15975
0.398926
2.97295
1.39433
1.12172
1.14193
0.627331
1.34323
0.150303
1.20147
3.75353
0.501613
0.348926
0.0157904
0.414554
1.22244
0.400467
2.84294
0.890806
1.83652
0.428255
1.64594
0.00182443
1.21194
0.151172
1.50012
0.295946
0.499721
0.133772
1.53587
3.37867
1.33052
0.05913
1.46694
0.891671
0.352653
0.770043
0.607692
2.44071
1.37584
2.78208
0.32334
1.0227
0.716184
0.964128
0.290642
0.889617
2.54231
0.00118731
0.705286
0.0809991
0.418519
0.71917
0.868771
0.621257
0.273242
0.344903
1.81582
0.0292807
1.93144
1.44162
0.651189
0.33968
0.266473
0.445033
0.132326
0.18819
1.50247
1.82125
0.693265
0.580972
1.71269
1.38518
1.91513
1.27306
0.285611
0.0911755
0.405403
1.69982
0.0910729
0.195833
0.0455563
0.51008
0.0455335
1.36555
0.332424
3.7208
0.0878843
2.51268
0.494573
0.0680677
0.729093
0.231061
0.698955
1.01611
2.29619
2.87314
0.46051
0.919251
0.798292
1.01011
0.743405
0.11905
1.40079
0.827804
0.785458
0.916579
5.14223
0.637458
1.26472
1.37571
1.52296
0.0488755
1.75367
0.159471
2.28452
0.278186
1.56066
2.95928
1.07447
0.439253
1.37629
1.05688
5.20763
1.53951
0.035712
1.76618
0.299704
1.94983
1.01678
0.755333
0.988736
0.478853
0.0217247
2.98074
0.217833
0.731272
1.21266
0.85268
0.423733
1.14183
2.40343
1.54486
0.0701733
4.16864
0.407728
0.455281
1.06451
0.477185
0.267285
2.62586
2.48676
0.0624979
0.77248
1.62988
0.123081
1.56691
0.581886
1.57212
0.301939
1.96129
0.314077
0.784631
1.06008
0.348246
2.14473
0.767445
1.7917
0.773223
0.115311
0.00826402
0.470516
0.140809
1.07057
4.12808
0.397493
0.810702
0.930416
0.764489
1.80238
0.0378447
0.508092
0.463549
0.177117
2.14255
0.79249
0.355704
1.59506
0.244424
3.8713
0.3322
0.177175
0.89047
0.771237
1.05888
1.63317
1.85186
1.01063
0.385709
2.01257
0.620549
1.55395
0.0740274
0.0522509
0.25537
0.203782
2.21433
1.09061
1.91903
2.22339
0.317387
0.163278
0.0611557
0.368358
0.0106731
1.37359
2.64513
0.438384
0.0778546
3.32068
0.249128
0.258336
0.298438
2.77467
0.747095
0.958338
0.650843
3.14087
0.465333
0.00383264
0.843938
0.370205
0.083773
1.29043
7.34573
0.159898
0.144925
0.314178
0.109731
0.972592
0.607255
0.752236
0.527409
0.331792
0.414253
0.102425
1.35939
0.539925
1.24977
1.11501
2.12667
3.98283
1.99076
0.216545
1.79891
0.239421
1.23856
0.846293
0.428782
0.976391
1.17509
1.49939
0.205016
0.17439
1.75926
0.809856
0.0401626
0.324331
0.975803
1.78134
1.71001
0.849733
0.707146
0.323666
0.807529
0.255887
0.549591
0.93539
1.77908
1.14768
0.303901
0.239373
2.06413
0.566882
1.86306
0.0341539
2.23798
0.559556
0.0620369
1.12409
1.01277
1.06553
0.493764
0.725451
0.0622812
0.231564
0.796001
0.515068
0.912608
0.170489
0.558614
1.49854
0.771229
2.00107
2.10613
0.0310611
3.22805
0.0105667
0.114177
1.96329
0.400365
0.573807
0.12616
0.13887
1.86933
1.30992
0.470029
0.71764
1.91511
1.81124
0.181404
0.115795
3.88268
0.485421
2.0939
0.497466
0.575034
0.268727
0.960672
0.369898
1.52685
0.0292315
1.49075
0.234068
0.127315
2.57851
0.0330882
1.11445
0.725516
0.550076
0.463744
0.56879
0.0192378
0.199679
1.19888
0.650971
0.0811494
2.77027
4.6644
1.91752
1.5959
0.132453
1.46685
0.0958152
0.982041
1.89012
0.993367
0.684689
1.15336
0.999749
1.82896
0.356809
0.525517
0.148077
2.06757
1.20438
1.16716
1.43598
0.225246
3.10907
1.76788
0.587646
0.0640569
3.12888
1.34412
0.817861
0.227997
2.04737
0.355318
0.389691
0.0335057
0.333972
0.0940935
2.06973
1.26166
1.35893
4.66839
2.9692
1.9349
0.276431
0.193618
1.94944
2.92128
2.57931
1.28122
0.61148
1.60836
0.177526
0.589802
2.49907
1.06126
1.24104
2.26997
0.585159
0.16855
0.351826
2.31966
0.721631
0.381101
0.525323
0.0511262
0.814276
1.13312
0.929804
1.47288
1.37705
4.39659
0.699953
0.880075
1.76592
1.40807
0.0150346
0.591841
0.0235322
0.128067
0.199423
0.612481
0.462258
2.95488
3.21197
0.295369
1.03574
0.34205
0.300816
0.740716
1.37137
3.04967
1.35054
0.0607832
0.304172
0.166054
0.20473
1.35458
0.116906
1.70997
0.367083
0.662333
0.227101
0.647794
1.03591
1.71682
0.688244
1.62665
0.0033197
0.76711
1.4279
2.16015
0.0574033
0.742102
1.44583
0.336779
0.277055
2.75927
0.237822
0.686867
1.73955
1.02776
0.0405032
0.670365
0.372665
1.57767
0.441753
0.621552
0.08379
5.21306
0.351692
1.48681
0.265933
0.431481
1.29233
0.755925
0.61026
1.53322
1.00912
2.75813
0.194943
0.564973
1.78489
1.69857
0.607319
0.686309
0.0456024
2.71421
0.0902777
0.635326
0.644986
0.159007
1.82145
2.18081
0.135907
0.659753
0.824414
1.61164
0.717135
1.78573
0.303575
0.434052
0.811752
1.19877
0.726553
0.142615
4.05782
1.64801
2.33799
2.52238
1.45891
0.322364
1.12554
1.48074
0.535673
2.75364
0.150178
0.303452
1.62835
0.134977
1.98917
2.63511
0.593867
1.64796
0.576405
0.267638
2.4315
0.808615
0.891717
2.39747
0.574106
1.01874
1.3697
0.304068
3.20224
1.43374
0.639021
0.271659
4.32392
1.97412
0.0840885
0.973548
0.531076
3.81356
0.481899
0.594987
1.22221
0.282199
0.393158
0.767766
0.572659
0.535398
0.436018
1.21289
0.446497
1.18713
0.0504177
0.289884
0.0447715
5.44992
1.08162
2.39092
1.70684
1.53621
0.826265
0.24599
0.81824
0.789332
0.462528
0.705393
0.302906
2.3552
0.752699
0.118786
0.767389
0.0541928
0.303291
0.694219
0.724419
1.6076
2.74133
1.06621
1.29776
6.87692
0.655407
1.16842
1.55586
0.891226
1.88975
0.570466
0.687469
0.324833
1.35981
0.527129
1.13519
1.32077
0.704528
0.282785
0.109794
1.6512
0.616215
0.589144
0.222746
0.81446
0.6504
0.749154
0.902403
0.586885
0.0559395
1.21387
1.30157
1.57568
0.0481937
2.52653
0.65716
0.476714
0.131388
0.47929
1.21669
2.15218
0.0242093
0.442051
0.581506
0.786822
0.558965
0.910673
1.23401
0.147699
0.154536
0.587743
1.53581
1.05005
0.442494
0.654237
0.238318
2.48203
0.419048
0.0193895
1.03308
0.542318
0.253686
0.612782
5.72085
0.83724
2.21131
2.57883
0.727438
0.0485735
0.370195
0.482741
1.8486
0.129696
0.117259
1.54354
0.0773286
1.29321
0.100721
0.903129
1.57803
0.448291
1.1822
0.0507499
0.0547311
0.374367
2.03302
3.94543
2.81701
0.176521
0.33879
1.26957
0.625565
0.321377
0.837445
0.140709
1.57681
0.0457517
1.79038
1.27301
1.95312
1.35327
0.231679
1.10519
0.977315
1.93059
0.4108
1.06825
1.18779
0.64066
1.97357
0.322092
1.55712
0.592619
0.854182
0.785511
0.251513
0.255166
0.785345
0.296795
1.34388
2.57817
0.593491
1.53487
0.419513
0.947723
1.18159
1.17849
2.28348
0.00938869
0.0847479
0.347212
1.41447
1.69697
1.04193
3.0309
1.89477
0.378372
1.42416
1.36037
0.093941
0.0184791
1.33025
1.36676
1.35989
0.914997
1.98739
0.869967
0.558386
0.948601
1.29429
0.503677
1.6089
0.0113944
0.457321
0.388949
0.113229
2.18255
0.935665
0.75438
1.09787
1.44232
0.520744
1.35982
0.165831
0.875869
0.772634
1.92921
1.41462
0.45352
0.125694
0.10456
0.544482
0.121262
0.920996
0.369494
0.101538
0.013051
0.902538
0.0340006
1.16071
1.98176
0.88164
1.35889
1.24204
1.01358
0.681933
1.70972
0.270927
1.20786
2.49577
0.783411
2.20074
0.101167
0.011092
1.2184
0.652596
0.00389529
0.429325
0.126301
0.726529
0.481844
1.22981
1.45287
0.112019
0.920618
0.00257902
0.996746
0.0232143
2.12017
1.47953
0.292146
0.192132
0.0413722
0.911091
0.0160423
2.69269
0.131992
0.064732
1.6313
0.343562
0.292815
1.23927
0.123568
1.61131
0.124165
1.29615
2.96637
0.256448
2.5996
3.18993
2.22599
0.0892008
0.201889
0.208143
0.00623455
1.56023
1.33452
0.523934
2.30569
2.57118
1.12677
0.157572
1.03812
0.673605
0.433128
0.142127
0.623436
0.847581
0.133867
0.572816
1.61801
0.977818
0.95625
2.84662
0.379614
1.47828
0.518494
0.0231591
1.41898
0.579628
0.080311
0.689706
0.231137
0.452312
1.47522
0.15065
0.279606
0.342972
0.310103
0.75556
0.212833
0.225449
0.397767
0.294977
2.85393
0.823852
5.40634
0.383539
0.196366
0.0417269
1.33981
0.00809294
0.24716
0.394465
3.13177
0.223926
1.07234
0.645494
0.0528175
2.42012
0.813276
0.447659
0.408659
0.533942
0.0457351
2.34699
1.14013
0.347479
0.138608
0.781654
0.432811
0.53858
1.74251
1.65647
1.00965
2.68524
0.084477
0.00168925
1.6569
0.0435733
0.866759
0.864833
0.572394
4.46005
1.07876
0.676453
0.900898
8.21256
0.0225271
1.47387
0.828834
0.916632
0.58076
1.09338
0.389894
1.75096
3.48892
3.63429
1.78125
1.32968
0.910813
1.85875
1.49108
0.599578
0.509415
1.08086
0.377828
0.471874
0.476006
0.110698
0.260331
2.59907
0.352171
0.37083
0.898867
2.4861
0.264304
0.533056
1.2235
0.331591
1.60125
0.389529
0.250664
1.9435
1.04855
0.345291
0.193718
0.441331
0.0847449
0.832067
0.379535
0.0286679
0.710427
0.375851
0.691836
0.0709637
0.350657
2.14361
0.367188
0.150139
1.2176
0.37956
0.770823
0.412893
0.0840575
0.560702
0.560279
0.679794
1.43286
3.93094
1.4965
0.929945
0.0821315
2.66264
0.488898
0.385715
1.10269
0.953797
0.469494
2.64345
0.147866
0.00657786
0.194634
0.0547872
0.535775
0.336171
0.624692
2.09056
1.67495
3.35752
0.689599
1.40461
1.00785
2.41175
0.0159129
4.29576
0.0823453
0.329045
0.753362
0.384877
0.528621
0.749014
0.391746
0.706697
1.28248
1.58274
0.454326
0.892847
0.793518
1.25794
1.63821
1.09265
3.37978
0.119928
0.272096
0.718931
0.252393
0.631398
1.02692
0.0503998
1.24708
0.290061
1.36475
0.632736
0.119491
1.38879
0.799551
0.38444
1.31171
0.716391
1.11347
0.498814
0.0436701
0.853194
0.21967
1.79731
0.423053
0.558478
1.85775
1.30538
0.215713
1.66452
1.52839
1.75064
2.009
0.463788
0.227895
0.520094
3.47171
4.83124
1.21395
0.307284
1.81468
1.6888
0.145314
0.617126
2.08393
0.486092
0.498635
4.05693
1.25613
0.19096
0.709733
1.20926
1.38214
0.455049
1.14435
0.446008
1.56133
1.05952
0.755468
1.97774
1.41366
0.464235
0.757512
1.94592
0.681484
0.60889
1.25024
0.542485
1.03568
0.0873901
0.312923
0.11482
0.811503
0.974573
1.06113
0.120586
4.28088
0.504947
0.223969
1.43857
1.78932
0.796268
1.29533
0.0194283
0.366404
1.67399
2.49679
1.49009
0.488169
0.133243
0.733726
2.36617
2.51099
0.316225
1.14372
2.52085
1.57377
0.54142
1.31614
0.05243
4.01936
2.42755
0.812271
1.53545
0.213596
0.00981194
2.66761
0.455722
0.0355716
1.6139
0.165032
2.67899
0.451472
1.09026
0.997865
5.6766
2.49965
0.505007
0.876338
0.225038
0.320309
0.0345876
0.0567071
5.18179
1.49054
0.345288
0.981379
2.57963
1.7097
0.199197
0.898723
0.536715
0.351003
0.274504
0.424525
0.131582
0.203395
1.85731
0.747155
1.78898
0.144482
0.572929
1.78226
1.00099
0.493164
2.10294
1.11788
2.36294
0.5346
1.65083
0.775724
1.02228
0.427822
0.174853
1.24512
4.16227
0.153672
0.919039
0.110153
2.18815
2.27802
0.775178
0.256791
0.0404309
3.79243
1.90258
0.786685
0.343679
0.928267
0.455045
0.230145
0.428615
0.892837
1.13167
1.45382
2.43019
1.3897
0.915864
0.286629
2.20653
0.232581
0.771137
0.107962
0.351701
1.83509
0.164354
1.1967
0.730033
0.80201
0.386394
0.237628
0.815216
0.381967
1.05229
0.759165
0.962404
2.42475
0.330061
0.25104
0.302637
1.59462
0.823973
2.41079
1.42521
0.176021
0.609901
2.25148
0.247475
1.29401
0.122882
0.22758
0.38954
0.914044
0.424611
1.90782
0.749884
0.390921
2.43451
1.70748
0.501158
1.62223
0.0870108
0.0173151
0.863666
1.96622
0.0482744
0.840946
0.7667
0.0842918
0.282274
1.92628
0.01697
0.2619
0.0314573
1.07465
0.273189
0.100527
0.603794
2.6065
1.13054
0.24489
1.1484
1.38155
2.19655
1.04291
0.692982
0.422449
0.187464
2.31552
0.242577
1.7039
0.89798
2.20989
0.665637
0.394511
0.0892166
1.35093
0.719499
0.193534
0.127699
1.69315
0.224534
0.943397
0.936115
0.387752
1.12159
0.436201
0.0896266
1.07521
0.641481
0.609449
0.149271
0.170484
0.635704
0.131133
0.279086
1.01757
1.92961
1.86583
0.365381
0.919532
0.140734
0.180338
0.104823
0.271165
0.952335
0.943479
0.57402
0.123739
1.23927
1.79392
3.02731
0.970144
1.77091
2.05035
0.921037
1.7101
0.142067
0.679631
2.36143
1.02021
0.541119
2.09656
0.0186631
0.0176906
0.908861
0.11197
0.948672
0.330668
0.402032
0.166985
0.0323956
0.65012
0.953777
0.0118466
1.37258
0.873298
0.410399
3.22191
2.41631
0.1065
0.265789
0.0232469
0.205712
0.23998
1.69237
1.47128
0.128088
0.655632
1.52732
0.0376954
0.313072
0.428312
2.19668
0.758547
0.115709
1.42383
0.587823
0.915044
0.59657
0.106438
0.0298257
1.89196
0.98378
1.13043
0.839409
2.53484
0.899917
0.726687
1.78112
2.51881
0.747732
0.370324
1.7513
0.0424849
1.28715
0.485398
0.10304
0.528628
0.821665
0.139425
0.216485
0.210508
0.45863
2.29379
0.471352
0.263965
0.0644421
0.237188
0.909451
1.56608
0.301033
0.076581
0.208235
1.33656
0.665341
1.23112
2.81767
0.10354
2.92297
0.839023
1.73473
0.499305
1.38563
0.266551
1.59519
0.195889
0.210913
0.681254
2.09727
0.690906
0.307632
1.6572
0.379396
0.987681
2.30668
0.0901589
0.108453
0.190317
2.72254
1.7775
0.201022
7.36003
3.55282
0.52077
0.492363
0.0242008
0.759568
0.536214
2.36664
0.297087
2.5184
2.09496
0.328896
0.384619
1.16252
0.401826
0.227313
0.420435
0.0580555
2.10488
4.16221
0.70692
1.63487
0.936668
0.318569
1.19015
0.401788
3.00202
0.0115236
0.587115
0.185445
3.13676
0.057776
0.124532
1.22029
0.557509
2.08709
1.25133
0.34688
0.996647
2.36876
1.97011
0.718272
2.41165
1.79511
0.965714
0.636977
0.682017
0.21565
1.23973
2.08242
0.18047
1.54919
0.0650452
0.22874
2.02126
0.74799
0.469155
2.12858
0.157714
9.03051e-05
1.37925
0.946009
0.108797
0.242898
1.03077
0.871221
2.53833
0.805779
3.24285
1.09869
0.277083
0.378143
0.502171
0.669441
0.372168
3.22264
3.26815
2.11316
1.05526
2.67321
0.925765
0.626559
0.599728
1.0675
0.147548
0.411423
1.7719
0.270377
0.37052
0.0365589
0.698711
0.556675
0.969337
0.941601
0.766377
3.55418
0.954506
0.200438
1.57476
0.203812
0.859792
0.498944
0.490744
1.34032
0.576744
2.33033
2.11682
3.37831
0.196667
1.79181
0.740353
1.70825
1.77514
0.01624
0.702694
0.077852
1.14408
2.24172
0.549272
0.0527691
3.69092
0.0434104
1.19528
0.0324722
0.406323
5.49911
0.329348
1.96727
0.392415
0.76191
1.74589
0.73958
1.00003
0.802748
1.43144
0.572713
1.18378
3.09091
1.83488
0.108555
1.20999
0.306096
0.151462
0.382132
1.8774
0.609894
1.00079
1.78296
1.36497
1.24917
1.31888
0.15951
0.0349116
1.69365
1.29449
1.73219
1.96442
1.18379
2.61506
2.75112
0.751284
0.00885275
0.422368
0.80762
0.0665081
2.77115
0.634716
0.0920316
1.49642
2.09863
2.67787
1.03204
0.215967
2.54124
0.77086
0.533156
0.896304
0.0666806
0.787743
0.334222
1.14374
2.89237
1.90123
0.238464
0.267849
1.978
2.26729
0.12098
1.09538
2.73299
4.03926
0.00961976
2.59808
0.298745
3.48636
1.34986
0.564801
2.72794
1.10212
0.128984
0.569152
2.61521
0.744674
0.741068
0.850704
0.0718424
0.064351
2.02813
0.741219
0.173508
0.768512
0.768081
2.68063
0.509258
0.13857
0.176597
1.12681
0.291641
0.402698
1.5844
1.56507
0.736722
0.297048
0.852854
0.0110137
0.371414
0.226921
0.114902
0.570187
0.844935
0.161613
0.0459652
0.025241
0.0675984
2.08406
0.182512
2.62568
0.862066
0.0960183
1.12588
0.415926
1.96134
0.669198
0.588106
2.91598
0.977176
0.736007
1.43066
0.0497316
0.522241
0.695692
0.0627727
0.835525
0.367337
1.05961
0.881638
3.51751
0.255566
0.608004
0.257207
0.809733
1.14513
0.439207
1.31203
0.575287
1.46897
1.34574
0.496502
0.464601
1.56139
0.618717
1.15081
0.0670712
0.29444
1.16475
1.18676
0.21319
0.982652
0.751451
2.42467
0.619996
0.391205
0.0812886
0.236668
0.697679
0.0360775
2.84628
2.80711
0.127278
0.207284
0.204564
0.873995
0.146087
1.15682
1.30248
0.363122
0.354823
0.596664
0.0256354
1.55987
1.06041
0.998706
1.39957
0.181828
0.955449
3.82576
0.168289
1.47668
1.48557
1.84867
0.551545
0.286901
1.28794
0.174698
0.566621
1.50894
0.344473
2.13842
0.736405
0.500123
0.600943
1.09559
0.191777
0.820385
0.618951
0.238224
0.0962656
0.376139
0.203821
0.321206
1.44801
1.46208
0.515363
1.45753
0.966969
0.165499
1.1653
0.0247083
0.133891
0.657006
0.0544956
1.93036
1.42008
1.5503
0.608445
0.570472
0.454348
0.159633
0.765792
0.790451
1.89801
2.21433
0.204291
0.352488
0.809894
0.201303
2.03712
2.3274
1.35198
0.060713
1.15711
1.54295
0.954793
0.559663
0.181639
0.248162
1.03543
1.00716
1.28087
1.67696
0.863505
1.42395
1.46321
0.697895
1.60752
1.2634
0.199707
1.96212
0.213239
2.75155
1.2673
0.554287
0.184743
0.99617
1.47332
0.457564
0.0196184
5.57458
1.07776
2.98924
0.168022
0.645589
0.845415
0.617094
0.265353
1.41184
2.89276
1.20641
1.57066
0.387088
2.42829
1.86715
0.137178
1.73025
0.67785
0.630443
0.537602
0.0816537
0.778609
1.31228
0.0844435
1.91085
0.136516
0.514166
0.363007
2.61729
1.05847
0.34702
1.43138
2.37616
0.770393
0.685877
1.36631
1.12642
2.46633
0.65652
0.331403
0.0922083
1.2629
0.00171266
0.350532
0.505171
1.14991
2.97686
0.405353
0.391934
2.10717
0.0550933
0.029426
2.16587
0.0422866
6.56652
0.813367
0.404015
1.68971
3.87377
1.59113
1.65933
0.135263
0.286572
0.0106494
0.707071
0.831858
1.55531
1.65782
0.299645
3.18653
0.321711
0.628396
0.927329
0.674816
0.154007
2.43498
1.65402
1.37537
3.61482
0.562572
3.46831
0.0029677
1.54214
1.02317
0.496238
0.292111
0.856094
0.464542
0.221421
0.494798
3.86929
0.283186
0.70059
4.0975
0.0852291
0.992687
0.463362
0.0698436
0.0169189
1.76596
1.303
0.869077
2.71145
2.29616
0.936186
1.20397
0.836852
1.39739
2.1699
1.5382
2.61385
1.26078
0.171851
0.226934
1.00311
0.790872
0.788384
0.156472
0.144624
0.6229
1.16303
0.382925
1.32069
1.36499
0.413169
0.214027
2.47114
0.0590789
0.0141336
1.10696
0.0530717
0.720705
1.82756
1.11594
0.623783
0.292829
0.959553
0.391971
0.729837
0.636879
1.06149
0.0289727
2.65057
0.309059
0.779663
0.191287
0.0416767
0.26083
0.366527
0.266391
0.895638
0.68536
0.953608
0.898659
1.10444
0.489108
0.384959
1.1707
0.429849
0.00116547
1.05541
0.960001
1.78844
0.664305
0.581506
0.383746
2.03475
0.805952
1.72005
2.1135
1.78581
0.507823
0.0106168
0.565341
3.44152
0.470609
2.89241
1.16831
1.02176
0.0347337
0.408765
0.711739
1.01843
0.698823
0.0739668
0.0491415
0.538032
0.431834
0.722398
0.547745
2.26128
0.882861
0.949132
1.48039
2.64276
0.265625
0.447985
0.880154
0.468663
0.10677
0.237608
0.656704
1.28391
0.299194
3.27838
1.85145
0.407758
0.111977
3.30531
0.169344
0.501726
0.918984
1.20058
0.865193
0.176129
0.570862
2.88406
0.282651
0.0290251
1.07783
0.868009
0.122665
0.383961
0.3349
0.232189
0.149441
1.8347
3.47207
0.123937
1.85874
1.14737
3.11934
1.27779
0.647761
1.30766
0.543003
0.577818
0.729685
1.36721
0.671025
0.929439
0.404627
0.115544
1.06729
0.89067
0.306566
0.0379139
2.69161
1.184
1.62302
0.995411
1.23759
0.203372
1.67027
1.50449
1.44623
0.0633158
0.713176
2.19047
0.296571
1.28286
3.06524
3.19915
0.698888
3.52595
1.0836
1.90578
0.19092
1.32948
0.745492
0.715109
0.573413
1.13859
2.10509
1.00281
0.956481
1.08141
1.99149
1.46152
0.539103
0.248343
0.174175
1.51252
1.65986
1.35083
0.0271111
0.204471
2.35601
0.481577
1.66832
0.0709262
1.53464
0.935822
0.278333
0.354955
0.0853689
1.33451
2.52805
3.93424
0.474281
0.58211
0.0361098
1.48904
0.112522
0.253603
0.00775121
1.37771
0.903851
0.600788
0.871288
0.873372
1.00097
0.325533
0.289615
0.0522145
0.537574
1.70618
0.645046
2.77095
0.787363
0.384898
2.70124
0.0380499
0.49183
0.982108
0.15381
1.41249
0.313485
0.0341897
0.150655
0.098478
1.57782
1.42397
0.19839
1.14976
0.56657
0.0830017
0.500408
1.01187
1.45698
0.652353
0.117603
0.0853457
0.029977
1.69334
0.170875
1.68851
0.560599
1.30558
0.958496
0.208657
0.139664
0.802116
0.394706
0.54536
0.571063
0.50739
0.548455
0.868509
0.392129
1.20734
0.817657
0.301091
1.7745
0.540105
0.134004
0.717747
1.37365
1.69214
0.773562
5.05818
1.04568
2.86781
0.140536
0.222803
2.48692
1.31836
1.44916
2.46508
1.89675
0.298787
1.88234
0.0715589
0.307877
0.551206
0.47075
2.62591
2.4218
1.21186
0.513001
0.105817
0.607663
1.12251
0.272797
0.452339
2.31648
2.6071
0.210774
0.124973
2.14371
0.743778
0.237742
0.272666
1.38293
0.899234
0.669417
0.194934
0.0869966
2.99574
0.99191
2.32131
0.311004
0.16042
0.00234169
1.51861
0.284222
0.549261
0.739211
0.336705
0.0692177
0.440832
0.124941
1.5647
3.14658
0.976709
0.167633
0.787731
0.580657
1.32026
0.340291
1.33141
1.96692
0.901304
0.149523
3.1117
0.158122
0.191781
0.0849622
0.595619
0.947277
0.433439
0.954973
1.29768
0.0987851
2.11226
2.06375
0.254747
0.024596
0.649908
0.44277
1.53328
0.219081
0.0415177
0.398145
0.418274
2.67838
0.529166
0.538637
1.18698
1.11467
2.03524
1.14812
0.0146283
0.242891
0.501093
5.02476
0.893889
2.43959
3.87772
5.79929
1.49411
2.19629
0.0056289
0.942216
0.277944
0.149461
0.631948
1.65562
1.82311
0.853129
0.764236
0.460861
0.303364
0.15589
1.3166
0.444964
0.145527
0.217053
1.89186
0.610418
2.96504
0.762199
5.45782
3.40882
0.340595
0.297815
2.24786
1.78175
0.916752
2.93251
0.490832
0.195654
1.03655
0.396685
0.295795
0.63447
0.912267
0.0380175
0.560641
0.00498899
0.831472
0.847871
0.0454207
1.45852
1.04976
0.436949
2.43355
0.207211
0.415081
0.141635
0.673546
0.749112
3.20831
1.23597
0.335536
0.523089
0.691072
4.07528
0.80805
0.653155
1.01346
0.964318
2.31504
2.85973
2.36618
0.126744
1.04575
0.809671
0.862013
0.285348
1.2054
2.56478
0.469278
0.326248
0.66701
1.52777
1.25653
1.56726
0.59448
1.59273
2.26722
1.04222
1.22955
1.09102
1.8057
0.780974
0.502402
0.237535
1.4585
0.118809
0.539576
3.63764
0.0460929
1.49076
0.0233411
2.48917
1.53226
0.392983
0.353943
0.975335
0.165614
1.38637
0.346434
0.448988
0.740248
2.64888
1.2704
0.0667056
0.561078
1.59574
0.0269506
1.25559
5.07066
0.0327849
0.103625
0.372862
3.22806
1.01031
1.72659
4.86645
0.750886
1.06014
0.174527
0.0152915
1.67718
6.5122
0.62203
0.595722
2.09128
2.52644
0.227603
0.692999
5.39807
0.295419
0.819063
0.00655488
1.24744
0.673091
2.6978
0.328115
0.562165
2.69917
0.311468
1.52189
0.19783
0.593491
0.278875
0.0830973
0.745432
0.340412
0.265266
1.03413
0.268776
1.00157
2.81884
0.694467
0.382518
1.07366
0.681956
0.429539
0.51972
2.42392
0.167416
2.15682
0.530804
1.1938
0.560522
2.04924
0.915611
0.658761
0.190945
1.39944
0.382306
0.127166
0.128405
0.870155
0.0881833
2.15504
0.149366
1.11023
0.577428
0.558641
2.44192
0.0452551
0.0540239
0.0724034
0.220604
0.786624
0.875355
0.141726
2.38041
1.60372
2.92804
0.572451
0.307603
1.56386
0.138406
2.36435
0.960221
1.95681
0.844927
1.12535
2.00044
3.06068
0.0675761
2.04501
2.17804
0.945098
1.56011
1.96099
0.136049
1.4775
0.463692
0.797759
0.32314
0.569782
0.776856
0.0178286
0.184519
0.0136149
0.590392
1.28796
2.02903
0.749105
0.0513518
1.44384
1.72389
0.8297
0.904674
1.97891
1.34713
1.36865
0.646392
1.44549
0.590897
2.00288
0.923546
0.169104
0.222823
0.149756
0.209712
1.42808
2.55468
1.54718
0.0542057
0.2217
0.553283
0.0514503
0.300334
0.548217
1.12838
0.587786
2.5565
0.165994
0.100562
2.10055
0.912114
0.535332
0.0103848
0.0582438
2.42821
0.779759
0.59785
0.23952
0.00979201
1.44186
0.264413
1.48531
1.11385
0.564249
0.748384
1.77337
0.294378
1.02743
0.416117
0.776389
0.736715
1.92562
0.0514471
0.677721
0.373308
1.5502
2.03202
0.392688
0.26792
0.121563
0.14283
0.14312
0.58373
0.113807
0.27821
0.657271
0.287265
0.439516
0.126371
0.131186
1.09157
1.08616
1.4527
1.19424
0.394768
0.97082
0.282559
0.991846
2.83643
0.584286
0.96903
1.02432
2.06158
0.972751
0.708325
0.792002
0.255837
0.0973447
2.0807
0.064982
0.441595
0.340823
0.11809
0.670054
1.57916
0.0629183
0.211807
0.952591
0.827147
0.391556
0.321984
0.0592014
1.2433
4.78575
0.545128
1.21053
5.06557
0.379615
0.090308
4.99289
0.716839
3.61074
1.30997
6.00913
0.176267
3.18097
1.23484
0.928753
0.261147
0.111372
3.18297
0.876655
0.917441
0.329037
0.280472
0.365346
0.0453722
0.173944
0.323659
0.572879
1.01205
0.870797
2.66291
0.24019
0.501624
0.325168
1.19054
0.799075
1.54861
0.235842
1.22164
0.647383
0.510763
1.19648
1.7304
4.06613
0.58209
1.18856
0.721586
0.737273
1.68777
0.255903
0.81695
0.409458
1.12635
0.430584
0.555135
1.7184
0.120225
1.62257
0.306262
4.0057
4.00969
0.663806
0.0922976
0.0687134
0.747288
3.16625
0.974784
0.94949
1.605
1.56933
0.5402
1.55341
0.322333
0.238353
0.0313437
0.0785621
0.759115
2.94971
0.924927
1.26189
1.00435
0.200093
1.19354
0.918432
1.66158
0.537536
